0,
0,
-1,
-1,
0,
1,
1,
4,
2,
1,
1,
2,
-2,
-3,
0,
1,
-1,
-3,
0,
1,
-1,
0,
0,
0,
0,
-1,
2,
0,
0,
0,
4,
0,
2,
-2,
0,
-2,
0,
1,
-2,
0,
3,
2,
0,
1,
1,
-1,
-1,
-1,
0,
0,
2,
3,
0,
1,
-1,
0,
0,
2,
-2,
0,
-2,
-1,
-1,
0,
-4,
0,
0,
0,
0,
-4,
2,
0,
1,
1,
2,
6,
4,
-4,
0,
1,
-2,
1,
0,
-1,
0,
0,
1,
1,
2,
0,
0,
6,
0,
0,
-1,
-3,
2,
-2,
0,
0,
4,
2,
1,
2,
2,
0,
1,
-2,
0,
3,
1,
0,
0,
0,
-2,
2,
-1,
4,
0,
0,
0,
1,
-1,
0,
1,
-3,
2,
0,
0,
0,
0,
0,
0,
-1,
0,
4,
-1,
3,
4,
0,
4,
-2,
0,
-1,
0,
2,
0,
1,
0,
1,
2,
1,
-2,
1,
0,
-3,
-1,
0,
-2,
1,
0,
0,
1,
3,
0,
1,
2,
-1,
3,
0,
1,
2,
-2,
0,
-1,
-1,
0,
0,
0,
-1,
1,
4,
-1,
3,
-4,
2,
1,
0,
-3,
0,
1,
-2,
0,
1,
-1,
1,
-1,
1,
0,
0,
-1,
-3,
4,
-3,
-1,
-3,
-1,
-4,
1,
3,
0,
0,
1,
2,
-2,
1,
-1,
1,
-1,
1,
0,
0,
1,
0,
0,
2,
-1,
-1,
-1,
-3,
2,
-3,
1,
0,
0,
-1,
0,
1,
0,
0,
2,
1,
0,
-2,
1,
0,
3,
6,
0,
0,
-2,
1,
-3,
1,
-1,
2,
-1,
-2,
-2,
4,
0,
-1,
-3,
0,
0,
0,
2,
3,
1,
-2,
0,
0,
1,
0,
0,
0,
0,
-1,
2,
0,
0,
0,
-3,
2,
-1,
0,
-2,
1,
-1,
0,
2,
0,
0,
0,
0,
0,
0,
0,
3,
1,
-2,
1,
0,
-2,
-2,
2,
0,
-3,
1,
-1,
-1,
1,
-2,
-3,
3,
1,
0,
0,
0,
0,
0,
1,
2,
-1,
2,
4,
0,
1,
5,
-2,
0,
-1,
1,
-2,
0,
2,
-1,
-3,
0,
2,
0,
0,
-2,
-2,
0,
-1,
0,
-3,
0,
2,
-3,
-2,
0,
-3,
-1,
0,
2,
1,
0,
2,
0,
0,
0,
3,
2,
-1,
1,
0,
0,
3,
-1,
0,
0,
0,
-3,
1,
1,
-2,
0,
-3,
0,
0,
0,
0,
2,
0,
0,
1,
1,
0,
1,
0,
6,
0,
-2,
0,
0,
0,
-3,
-2,
0,
0,
0,
-1,
2,
-2,
1,
1,
0,
0,
1,
-3,
2,
1,
-2,
0,
0,
1,
-1,
0,
-1,
1,
0,
1,
0,
4,
1,
0,
-2,
0,
0,
0,
-3,
0,
1,
-1,
-3,
0,
4,
1,
-2,
2,
2,
-1,
-1,
2,
0,
1,
0,
0,
0,
1,
0,
0,
-3,
4,
1,
4,
0,
1,
-1,
0,
0,
0,
1,
-1,
0,
0,
4,
-2,
1,
0,
0,
1,
1,
0,
3,
-1,
-1,
4,
-2,
1,
1,
0,
-4,
0,
0,
-2,
3,
0,
3,
2,
3,
0,
1,
-2,
-2,
-3,
-2,
-4,
0,
-1,
0,
-1,
0,
0,
-1,
3,
-2,
0,
-2,
-2,
1,
0,
1,
-1,
-1,
-1,
0,
2,
1,
0,
2,
0,
0,
2,
-2,
-1,
7,
2,
-3,
-4,
0,
-7,
0,
0,
1,
0,
1,
-1,
2,
-3,
4,
-1,
0,
-4,
0,
-1,
1,
-1,
1,
-3,
-4,
-1,
1,
-4,
2,
-3,
5,
-4,
5,
-2,
3,
-5,
7,
-6,
6,
-7,
10,
-7,
9,
-6,
11,
-8,
18,
-15,
23,
-23,
30,
54,
2404,
4712,
4763,
3516,
1176,
-1251,
-3555,
-4800,
-5046,
-4376,
-2604,
-370,
1600,
3176,
4274,
4885,
4438,
2953,
574,
-2241,
-4506,
-5460,
-5067,
-3765,
-2051,
-137,
1607,
3077,
4115,
4345,
3474,
1602,
-807,
-3131,
-4789,
-5237,
-4490,
-2947,
-1075,
781,
2383,
3612,
4324,
4249,
3101,
999,
-1493,
-3630,
-4823,
-4768,
-3680,
-2004,
-187,
1554,
3055,
4148,
4575,
4076,
2525,
207,
-2228,
-4066,
-4818,
-4389,
-3032,
-1242,
570,
2218,
3581,
4459,
4563,
3668,
1766,
-700,
-3017,
-4492,
-4788,
-3957,
-2404,
-567,
1206,
2779,
3997,
4618,
4352,
3036,
852,
-1645,
-3720,
-4771,
-4618,
-3465,
-1751,
94,
1808,
3264,
4293,
4616,
3956,
2270,
-122,
-2533,
-4272,
-4867,
-4295,
-2876,
-1078,
740,
2379,
3698,
4490,
4468,
3401,
1398,
-1083,
-3309,
-4648,
-4776,
-3832,
-2220,
-387,
1377,
2903,
4053,
4569,
4163,
2714,
466,
-1997,
-3941,
-4825,
-4518,
-3273,
-1533,
293,
1974,
3380,
4323,
4511,
3718,
1917,
-483,
-2820,
-4399,
-4825,
-4119,
-2641,
-839,
948,
2537,
3789,
4477,
4316,
3126,
1042,
-1413,
-3522,
-4683,
-4657,
-3611,
-1966,
-143,
1571,
3045,
4113,
4509,
3971,
2406,
113,
-2290,
-4083,
-4792,
-4339,
-3020,
-1269,
522,
2158,
3497,
4337,
4408,
3473,
1584,
-817,
-3059,
-4474,
-4727,
-3901,
-2377,
-581,
1164,
2694,
3870,
4448,
4157,
2838,
699,
-1721,
-3701,
-4692,
-4509,
-3374,
-1701,
96,
1770,
3185,
4162,
4438,
3759,
2091,
-223,
-2549,
-4198,
-4736,
-4157,
-2766,
-1012,
749,
2337,
3605,
4343,
4286,
3220,
1250,
-1143,
-3271,
-4524,
-4618,
-3684,
-2111,
-333,
1375,
2857,
3952,
4418,
3986,
2548,
356,
-2010,
-3859,
-4679,
-4350,
-3127,
-1439,
334,
1960,
3316,
4204,
4358,
3543,
1775,
-557,
-2793,
-4287,
-4664,
-3956,
-2507,
-758,
970,
2506,
3704,
4347,
4152,
2960,
923,
-1447,
-3466,
-4549,
-4491,
-3454,
-1859,
-92,
1578,
2997,
4013,
4367,
3800,
2257,
27,
-2280,
-3990,
-4644,
-4180,
-2883,
-1184,
559,
2144,
3431,
4223,
4255,
3309,
1456,
-874,
-3018,
-4354,
-4571,
-3747,
-2254,
-513,
1182,
2666,
3789,
4328,
3995,
2686,
592,
-1741,
-3631,
-4552,
-4349,
-3230,
-1600,
145,
1770,
3138,
4062,
4298,
3604,
1952,
-303,
-2529,
-4094,
-4588,
-3996,
-2635,
-935,
779,
2320,
3537,
4233,
4133,
3065,
1139,
-1182,
-3220,
-4397,
-4458,
-3535,
-2004,
-271,
1385,
2812,
3860,
4284,
3827,
2408,
271,
-2013,
-3774,
-4537,
-4189,
-2989,
-1345,
373,
1954,
3255,
4094,
4211,
3383,
1647,
-617,
-2760,
-4177,
-4508,
-3798,
-2384,
-683,
994,
2482,
3624,
4219,
3998,
2807,
812,
-1472,
-3403,
-4419,
-4330,
-3316,
-1752,
-40,
1577,
2953,
3920,
4232,
3641,
2114,
-52,
-2273,
-3894,
-4492,
-4020,
-2753,
-1100,
597,
2130,
3369,
4114,
4107,
3151,
1338,
-919,
-2971,
-4236,
-4413,
-3602,
-2139,
-449,
1197,
2634,
3708,
4198,
3841,
2541,
496,
-1749,
-3557,
-4418,
-4188,
-3091,
-1501,
194,
1767,
3080,
3963,
4156,
3441,
1822,
-367,
-2509,
-3992,
-4431,
-3841,
-2509,
-854,
809,
2296,
3462,
4115,
3985,
2909,
1025,
-1215,
-3165,
-4273,
-4305,
-3389,
-1898,
-215,
1391,
2774,
3772,
4152,
3672,
2267,
182,
-2016,
-3691,
-4392,
-4031,
-2859,
-1261,
411,
1942,
3198,
3991,
4064,
3227,
1520,
-669,
-2730,
-4068,
-4359,
-3653,
-2271,
-614,
1012,
2454,
3548,
4101,
3843,
2659,
717,
-1495,
-3337,
-4286,
-4176,
-3172,
-1651,
18,
1584,
2906,
3826,
4095,
3488,
1983,
-124,
-2261,
-3801,
-4353,
-3866,
-2625,
-1020,
627,
2113,
3304,
4002,
3961,
3000,
1220,
-966,
-2933,
-4121,
-4263,
-3451,
-2028,
-389,
1212,
2598,
3626,
4074,
3693,
2399,
403,
-1766,
-3482,
-4283,
-4036,
-2951,
-1407,
235,
1763,
3035,
3862,
4019,
3294,
1694,
-427,
-2489,
-3896,
-4290,
-3690,
-2391,
-782,
835,
2272,
3393,
4000,
3836,
2762,
916,
-1250,
-3111,
-4154,
-4155,
-3247,
-1789,
-156,
1403,
2731,
3689,
4028,
3521,
2128,
102,
-2014,
-3610,
-4258,
-3885,
-2723,
-1176,
453,
1937,
3139,
3886,
3923,
3079,
1404,
-722,
-2700,
-3962,
-4216,
-3502,
-2156,
-548,
1033,
2425,
3476,
3984,
3693,
2516,
614,
-1518,
-3271,
-4165,
-4032,
-3032,
-1551,
64,
1587,
2860,
3731,
3959,
3343,
1851,
-193,
-2249,
-3709,
-4215,
-3722,
-2498,
-938,
658,
2097,
3242,
3895,
3816,
2853,
1106,
-1007,
-2889,
-4011,
-4113,
-3307,
-1919,
-319,
1228,
2565,
3547,
3948,
3543,
2261,
313,
-1776,
-3413,
-4152,
-3886,
-2819,
-1315,
280,
1760,
2978,
3764,
3881,
3140,
1569,
-489,
-2471,
-3796,
-4149,
-3547,
-2272,
-706,
861,
2250,
3325,
3886,
3692,
2620,
813,
-1276,
-3054,
-4033,
-4002,
-3107,
-1686,
-104,
1409,
2695,
3598,
3898,
3373,
1992,
23,
-2014,
-3530,
-4119,
-3735,
-2602,
-1089,
485,
1925,
3083,
3785,
3786,
2932,
1285,
-774,
-2667,
-3855,
-4069,
-3363,
-2045,
-482,
1053,
2396,
3403,
3859,
3553,
2377,
520,
-1535,
-3208,
-4035,
-3877,
-2898,
-1457,
113,
1583,
2816,
3638,
3828,
3192,
1718,
-263,
-2237,
-3624,
-4075,
-3573,
-2381,
-859,
687,
2080,
3174,
3784,
3674,
2711,
1000,
-1043,
-2846,
-3895,
-3972,
-3170,
-1818,
-262,
1235,
2527,
3462,
3823,
3398,
2123,
234,
-1777,
-3338,
-4023,
-3739,
-2694,
-1229,
320,
1756,
2925,
3663,
3747,
2994,
1452,
-541,
-2445,
-3697,
-4008,
-3396,
-2156,
-636,
880,
2226,
3257,
3771,
3550,
2483,
713,
-1303,
-3004,
-3912,
-3860,
-2973,
-1589,
-47,
1413,
2654,
3506,
3771,
3223,
1869,
-47,
-2001,
-3446,
-3982,
-3600,
-2383,
-783,
617,
1769,
2576,
2974,
2795,
2010,
765,
-638,
-1772,
-2368,
-2385,
-1909,
-1133,
-214,
642,
1332,
1737,
1798,
1487,
882,
109,
-658,
-1245,
-1498,
-1405,
-1034,
-495,
80,
582,
945,
1116,
1070,
791,
352,
-136,
-566,
-842,
-913,
-797,
-539,
-189,
172,
468,
651,
701,
602,
387,
102,
-188,
-423,
-549,
-553,
-441,
-249,
-28,
181,
344,
425,
420,
328,
174,
-11,
-174,
-295,
-346,
-323,
-233,
-103,
32,
156,
241,
268,
241,
167,
63,
-47,
-142,
-197,
-214,
-185,
-116,
-32,
53,
121,
159,
163,
133,
84,
13,
-53,
-104,
-125,
-127,
-102,
-53,
0,
53,
82,
101,
100,
69,
35,
-11,
-45,
-67,
-83,
-74,
-54,
-23,
11,
37,
58,
60,
51,
35,
9,
-14,
-34,
-46,
-49,
-41,
-23,
-3,
13,
30,
38,
34,
30,
18,
0,
-12,
-25,
-33,
-29,
-18,
-13,
0,
12,
24,
21,
25,
19,
6,
-1,
-14,
-20,
-17,
-15,
-9,
-4,
5,
8,
16,
16,
14,
2,
1,
-6,
-6,
-11,
-10,
-6,
-7,
-3,
7,
8,
9,
10,
6,
4,
-2,
-2,
-7,
-4,
-9,
-4,
-2,
5,
8,
2,
3,
4,
0,
2,
-1,
-2,
-4,
-3,
0,
-2,
-1,
2,
6,
2,
4,
6,
1,
2,
-2,
1,
-1,
-4,
-2,
0,
1,
0,
1,
-1,
2,
1,
0,
1,
3,
-3,
-2,
-1,
-1,
0,
0,
0,
0,
2,
1,
0,
1,
2,
0,
0,
-1,
0,
2,
-1,
-2,
0,
1,
1,
-3,
2,
1,
-1,
-2,
1,
-3,
1,
0,
2,
0,
0,
0,
1,
2,
0,
0,
0,
0,
0,
-1,
0,
0,
-1,
5,
0,
0,
0,
-2,
0,
-1,
2,
-2,
0,
0,
0,
-1,
-2,
-5,
3,
-2,
-2,
-3,
0,
0,
-3,
4,
-1,
0,
0,
2,
3,
0,
-3,
3,
0,
-1,
0,
1,
-3,
-2,
0,
-1,
0,
1,
-2,
-3,
1,
-1,
-1,
2,
0,
-1,
0,
-1,
-2,
0,
0,
1,
0,
4,
0,
1,
-1,
0,
0,
1,
5,
0,
-3,
0,
2,
1,
1,
-2,
0,
3,
-1,
0,
1,
0,
5,
-2,
1,
-2,
1,
0,
0,
-1,
4,
-2,
0,
1,
2,
0,
-3,
2,
0,
-3,
0,
-1,
-1,
-2,
-2,
0,
-1,
1,
0,
0,
-1,
-2,
4,
0,
-1,
0,
-1,
-3,
-5,
-3,
-3,
0,
0,
3,
2,
-1,
-1,
-1,
0,
2,
-3,
1,
1,
1,
-4,
0,
1,
0,
-2,
0,
0,
0,
-4,
2,
-2,
0,
-2,
1,
1,
-1,
1,
-2,
1,
-1,
-2,
0,
1,
-2,
-2,
4,
0,
0,
3,
0,
3,
0,
1,
2,
0,
0,
0,
0,
2,
0,
0,
-3,
-1,
-2,
0,
1,
-2,
0,
-1,
0,
2,
0,
-2,
0,
-1,
-1,
4,
1,
3,
0,
0,
-1,
2,
-5,
0,
0,
1,
3,
0,
0,
0,
-3,
1,
-1,
1,
-3,
1,
0,
1,
0,
5,
-1,
-1,
0,
0,
0,
0,
0,
2,
3,
1,
3,
-1,
1,
3,
0,
0,
1,
-4,
0,
3,
-2,
1,
1,
0,
1,
-2,
-3,
-3,
-1,
-2,
-1,
0,
0,
2,
-3,
0,
0,
1,
-1,
2,
1,
0,
0,
-1,
0,
0,
0,
0,
-1,
0,
-1,
0,
3,
0,
0,
1,
0,
-1,
-2,
-4,
0,
0,
-1,
0,
2,
1,
-1,
0,
-2,
3,
-1,
2,
1,
2,
2,
1,
0,
0,
1,
0,
0,
-2,
2,
0,
1,
0,
0,
0,
0,
0,
1,
-3,
1,
4,
-2,
5,
0,
2,
1,
1,
2,
1,
0,
0,
0,
4,
-2,
1,
-2,
0,
1,
0,
1,
1,
-2,
-2,
-3,
-1,
0,
0,
-1,
0,
-1,
0,
-2,
-2,
0,
3,
0,
-1,
0,
-1,
-1,
0,
1,
-2,
-2,
0,
0,
1,
0,
4,
0,
1,
-2,
0,
-3,
-1,
1,
4,
0,
0,
-1,
-2,
0,
2,
0,
1,
-1,
-1,
0,
2,
0,
-1,
2,
0,
0,
0,
2,
0,
0,
2,
0,
0,
1,
-2,
-1,
0,
0,
5,
-1,
2,
0,
0,
-3,
2,
0,
1,
-3,
-1,
-4,
-1,
-1,
2,
-2,
4,
-2,
0,
0,
2,
0,
-5,
-3,
0,
0,
0,
-6,
1,
1,
0,
2,
2,
1,
0,
0,
0,
0,
0,
0,
1,
-1,
1,
0,
0,
-3,
-1,
0,
0,
0,
1,
0,
0,
-1,
3,
0,
0,
-1,
-1,
0,
2,
0,
3,
0,
-1,
-2,
-1,
0,
4,
3,
0,
0,
0,
0,
0,
-2,
0,
0,
-1,
0,
-4,
-4,
-2,
3,
0,
0,
-8,
2,
-1,
0,
0,
0,
-3,
2,
-1,
2,
-1,
0,
-1,
1,
0,
0,
-2,
1,
-2,
2,
0,
0,
0,
0,
-1,
2,
-1,
3,
-3,
3,
-2,
3,
-7,
0,
-3,
4,
-4,
8,
-6,
7,
-6,
6,
-4,
3,
-3,
7,
-2,
8,
-2,
10,
-5,
13,
-6,
8,
-11,
11,
-12,
12,
-16,
14,
-16,
16,
-19,
23,
-28,
27,
-33,
34,
-42,
50,
-54,
50,
302,
6651,
7177,
-1303,
-8721,
-7898,
1315,
9140,
10966,
4598,
-5965,
-11125,
-6261,
3174,
8705,
7477,
1203,
-7343,
-10416,
-4836,
3313,
7422,
6165,
115,
-7762,
-10204,
-3802,
4446,
7970,
5715,
-1305,
-8879,
-9359,
-1666,
6216,
8086,
4401,
-3002,
-9191,
-7687,
460,
7017,
7611,
3178,
-4069,
-9102,
-6235,
1912,
7548,
7291,
2214,
-5257,
-9163,
-4917,
3405,
8115,
6862,
862,
-6558,
-8980,
-3276,
4810,
8375,
6016,
-621,
-7598,
-8356,
-1624,
5914,
8296,
5057,
-2070,
-8355,
-7557,
-37,
6783,
8105,
3965,
-3525,
-8929,
-6504,
1519,
7517,
7695,
2688,
-4970,
-9161,
-5203,
3019,
7978,
7075,
1278,
-6244,
-9052,
-3727,
4336,
8217,
6268,
-170,
-7346,
-8610,
-2171,
5501,
8246,
5316,
-1673,
-8204,
-7868,
-562,
6461,
8067,
4196,
-3151,
-8788,
-6827,
1010,
7201,
7679,
2956,
-4566,
-9050,
-5579,
2506,
7718,
7118,
1606,
-5851,
-9007,
-4142,
3871,
8024,
6373,
186,
-6966,
-8624,
-2608,
5070,
8093,
5468,
-1275,
-7851,
-7950,
-1021,
6065,
7965,
4407,
-2719,
-8483,
-6998,
544,
6857,
7639,
3228,
-4115,
-8818,
-5817,
2041,
7420,
7137,
1930,
-5401,
-8844,
-4455,
3417,
7773,
6452,
559,
-6535,
-8562,
-2975,
4642,
7907,
5604,
-857,
-7468,
-7979,
-1434,
5670,
7846,
4610,
-2279,
-8150,
-7121,
104,
6503,
7583,
3483,
-3663,
-8558,
-6030,
1592,
7124,
7137,
2241,
-4951,
-8672,
-4743,
2976,
7535,
6514,
920,
-6107,
-8474,
-3326,
4215,
7724,
5729,
-461,
-7074,
-7985,
-1829,
5277,
7717,
4800,
-1853,
-7811,
-7223,
-320,
6153,
7518,
3724,
-3223,
-8288,
-6212,
1154,
6817,
7123,
2538,
-4511,
-8474,
-5004,
2533,
7279,
6565,
1262,
-5679,
-8370,
-3652,
3791,
7525,
5839,
-81,
-6681,
-7971,
-2206,
4883,
7577,
4963,
-1445,
-7464,
-7296,
-728,
5798,
7434,
3947,
-2793,
-8008,
-6372,
722,
6509,
7106,
2816,
-4084,
-8264,
-5245,
2107,
7024,
6599,
1583,
-5263,
-8244,
-3953,
3376,
7325,
5934,
285,
-6289,
-7932,
-2562,
4496,
7429,
5110,
-1049,
-7114,
-7340,
-1119,
5448,
7341,
4156,
-2377,
-7710,
-6503,
314,
6200,
7070,
3071,
-3660,
-8044,
-5451,
1692,
6758,
6623,
1888,
-4851,
-8099,
-4232,
2966,
7114,
6016,
627,
-5897,
-7869,
-2894,
4107,
7272,
5245,
-667,
-6765,
-7368,
-1494,
5081,
7241,
4342,
-1974,
-7412,
-6614,
-86,
5879,
7025,
3313,
-3250,
-7812,
-5642,
1281,
6482,
6637,
2178,
-4442,
-7942,
-4488,
2566,
6893,
6080,
961,
-5510,
-7794,
-3210,
3726,
7102,
5373,
-301,
-6410,
-7375,
-1850,
4731,
7125,
4518,
-1588,
-7107,
-6703,
-467,
5563,
6970,
3538,
-2849,
-7564,
-5804,
885,
6210,
6628,
2452,
-4044,
-7770,
-4725,
2164,
6665,
6134,
1274,
-5123,
-7696,
-3505,
3337,
6927,
5472,
43,
-6057,
-7361,
-2184,
4370,
7005,
4673,
-1214,
-6798,
-6773,
-840,
5238,
6895,
3747,
-2460,
-7313,
-5952,
493,
5924,
6612,
2707,
-3652,
-7580,
-4941,
1780,
6425,
6165,
1574,
-4745,
-7586,
-3775,
2964,
6741,
5563,
377,
-5700,
-7326,
-2511,
4009,
6868,
4820,
-851,
-6484,
-6816,
-1194,
4913,
6814,
3939,
-2080,
-7049,
-6075,
121,
5639,
6585,
2950,
-3266,
-7380,
-5130,
1397,
6185,
6190,
1858,
-4374,
-7454,
-4032,
2589,
6546,
5641,
694,
-5349,
-7278,
-2816,
3660,
6723,
4947,
-504,
-6168,
-6843,
-1537,
4582,
6722,
4120,
-1716,
-6787,
-6177,
-242,
5346,
6545,
3169,
-2893,
-7174,
-5305,
1024,
5933,
6207,
2122,
-4007,
-7317,
-4267,
2222,
6345,
5708,
997,
-5003,
-7209,
-3107,
3308,
6567,
5063,
-167,
-5847,
-6856,
-1863,
4256,
6615,
4285,
-1363,
-6506,
-6265,
-594,
5057,
6491,
3379,
-2535,
-6952,
-5464,
659,
5685,
6205,
2376,
-3637,
-7167,
-4483,
1856,
6136,
5757,
1290,
-4657,
-7124,
-3375,
2956,
6411,
5159,
154,
-5530,
-6843,
-2175,
3932,
6509,
4430,
-1019,
-6226,
-6322,
-935,
4760,
6432,
3576,
-2177,
-6724,
-5596,
307,
5426,
6196,
2618,
-3285,
-7001,
-4684,
1499,
5922,
5795,
1565,
-4307,
-7029,
-3627,
2607,
6241,
5249,
458,
-5209,
-6819,
-2467,
3605,
6383,
4566,
-684,
-5946,
-6370,
-1262,
4462,
6364,
3757,
-1833,
-6491,
-5712,
-35,
5164,
6168,
2838,
-2940,
-6822,
-4860,
1148,
5699,
5825,
1828,
-3971,
-6915,
-3867,
2269,
6065,
5325,
753,
-4889,
-6776,
-2751,
3280,
6252,
4687,
-367,
-5660,
-6402,
-1573,
4158,
6278,
3925,
-1491,
-6253,
-5808,
-372,
4896,
6137,
3054,
-2596,
-6635,
-5023,
804,
5472,
5840,
2080,
-3635,
-6788,
-4081,
1930,
5878,
5393,
1037,
-4572,
-6718,
-3017,
2953,
6117,
4799,
-57,
-5370,
-6414,
-1876,
3861,
6185,
4082,
-1170,
-6006,
-5889,
-696,
4626,
6094,
3251,
-2262,
-6441,
-5172,
469,
5238,
5842,
2317,
-3304,
-6655,
-4285,
1593,
5688,
5438,
1303,
-4256,
-6642,
-3265,
2633,
5969,
4897,
243,
-5084,
-6409,
-2160,
3558,
6086,
4223,
-848,
-5751,
-5949,
-1013,
4353,
6042,
3432,
-1934,
-6235,
-5295,
147,
5003,
5833,
2540,
-2978,
-6508,
-4470,
1260,
5491,
5481,
1563,
-3941,
-6555,
-3499,
2312,
5814,
4985,
527,
-4792,
-6386,
-2435,
3256,
5976,
4359,
-541,
-5491,
-6000,
-1314,
4082,
5979,
3604,
-1612,
-6020,
-5406,
-175,
4761,
5818,
2750,
-2655,
-6348,
-4639,
940,
5286,
5510,
1806,
-3631,
-6460,
-3723,
1990,
5658,
5057,
801,
-4501,
-6354,
-2694,
2958,
5861,
4475,
-245,
-5232,
-6029,
-1605,
3799,
5903,
3764,
-1300,
-5804,
-5498,
-487,
4516,
5790,
2954,
-2340,
-6177,
-4791,
623,
5077,
5528,
2044,
-3315,
-6352,
-3922,
1673,
5487,
5120,
1068,
-4215,
-6306,
-2945,
2658,
5733,
4586,
42,
-4966,
-6044,
-1880,
3516,
5827,
3908,
-993,
-5586,
-5564,
-805,
4301,
5459,
2256,
-2171,
-4651,
-3067,
699,
3209,
2914,
691,
-1680,
-2601,
-1476,
633,
1915,
1652,
283,
-1146,
-1640,
-845,
552,
1364,
1028,
-27,
-951,
-1051,
-325,
580,
905,
474,
-238,
-651,
-524,
-34,
407,
487,
187,
-190,
-367,
-267,
-3,
247,
293,
115,
-139,
-249,
-169,
25,
190,
193,
35,
-135,
-170,
-69,
61,
129,
93,
-15,
-99,
-84,
-21,
46,
68,
46,
-13,
-52,
-50,
-7,
29,
46,
27,
-8,
-38,
-32,
0,
23,
28,
13,
-16,
-29,
-17,
7,
23,
13,
0,
-10,
-17,
-10,
5,
10,
8,
-2,
-5,
-7,
0,
3,
6,
8,
0,
-5,
-7,
-5,
0,
9,
-1,
-2,
-5,
-4,
-1,
3,
3,
0,
-1,
-2,
0,
-1,
0,
-1,
-4,
-2,
-3,
-1,
-2,
0,
2,
-1,
-1,
1,
1,
0,
-1,
0,
0,
-1,
-2,
-3,
0,
0,
2,
3,
1,
-1,
0,
-1,
0,
0,
0,
0,
0,
1,
2,
1,
-1,
0,
1,
1,
4,
-1,
2,
-2,
3,
2,
0,
-2,
-1,
1,
-2,
1,
-1,
0,
1,
0,
3,
1,
-2,
0,
5,
1,
0,
1,
2,
0,
0,
0,
0,
0,
3,
2,
0,
3,
1,
-2,
-2,
1,
0,
-1,
-1,
1,
-2,
0,
0,
-3,
-2,
0,
1,
2,
3,
-2,
-2,
-4,
4,
-1,
-1,
-1,
3,
0,
0,
-1,
0,
3,
0,
0,
0,
-1,
0,
-4,
-1,
-2,
0,
0,
0,
1,
-3,
1,
0,
1,
0,
0,
0,
0,
-2,
-1,
2,
-1,
-2,
0,
-1,
0,
1,
0,
-2,
0,
0,
3,
-2,
-2,
0,
0,
1,
0,
-2,
-2,
-2,
0,
0,
2,
0,
3,
0,
1,
0,
1,
-2,
2,
-3,
0,
-4,
-1,
0,
1,
-1,
0,
0,
-1,
1,
-4,
1,
2,
1,
-2,
0,
0,
0,
2,
1,
0,
1,
0,
0,
2,
3,
0,
0,
-3,
0,
-2,
-2,
3,
-3,
-1,
-3,
-1,
-3,
-2,
-1,
1,
0,
-3,
1,
0,
-1,
2,
1,
0,
1,
0,
3,
-3,
0,
2,
0,
1,
-1,
0,
-2,
-2,
2,
-3,
1,
0,
2,
2,
4,
0,
0,
-3,
0,
-4,
3,
3,
-2,
0,
-1,
0,
0,
-1,
-3,
0,
0,
1,
1,
-1,
-1,
0,
2,
0,
0,
0,
-1,
1,
0,
-1,
0,
0,
0,
-3,
0,
3,
0,
0,
0,
0,
-4,
-2,
1,
-2,
2,
-2,
0,
4,
-1,
1,
1,
3,
-2,
-2,
0,
-1,
5,
3,
2,
-1,
0,
2,
2,
0,
0,
0,
1,
1,
0,
-1,
-2,
2,
-1,
1,
3,
0,
0,
-3,
0,
1,
2,
-1,
-1,
0,
3,
-3,
0,
-1,
0,
-2,
-1,
0,
0,
-3,
-1,
1,
-1,
2,
-2,
0,
1,
2,
1,
-1,
-2,
0,
1,
0,
0,
0,
0,
1,
-5,
-1,
-1,
1,
0,
0,
-2,
-1,
-2,
0,
3,
1,
0,
1,
0,
1,
-1,
-1,
2,
1,
0,
-2,
-2,
0,
1,
-1,
0,
1,
0,
4,
5,
3,
2,
0,
0,
0,
-2,
0,
0,
1,
1,
3,
1,
2,
1,
1,
0,
0,
-1,
-1,
0,
-2,
1,
-2,
2,
4,
1,
3,
0,
0,
1,
0,
-1,
0,
0,
3,
0,
0,
-1,
-2,
0,
0,
1,
0,
-3,
-2,
-2,
0,
2,
0,
1,
0,
3,
3,
-2,
0,
1,
-2,
0,
0,
-2,
-2,
-1,
0,
0,
0,
0,
1,
3,
1,
0,
2,
-1,
-1,
1,
0,
-1,
3,
2,
1,
-3,
3,
4,
0,
0,
-2,
-1,
-4,
3,
-1,
-1,
2,
0,
0,
5,
-2,
-3,
0,
2,
1,
0,
1,
3,
0,
2,
0,
0,
2,
0,
0,
0,
0,
2,
0,
-1,
-2,
3,
-1,
-1,
-1,
3,
-1,
-2,
-3,
-4,
3,
1,
1,
0,
1,
0,
0,
0,
0,
-2,
2,
1,
1,
3,
0,
0,
0,
2,
-3,
0,
0,
0,
0,
0,
0,
2,
0,
-1,
4,
2,
-1,
0,
1,
0,
0,
0,
-2,
0,
0,
0,
0,
0,
0,
0,
0,
0,
0,
-2,
-1,
0,
0,
1,
2,
0,
1,
3,
-1,
1,
0,
1,
-2,
-1,
0,
-1,
-3,
2,
2,
4,
2,
2,
1,
0,
0,
4,
0,
1,
1,
-1,
0,
2,
0,
0,
-1,
0,
0,
0,
0,
2,
0,
0,
0,
-2,
2,
1,
0,
0,
-1,
0,
0,
2,
2,
1,
0,
0,
3,
-2,
2,
0,
2,
0,
0,
0,
2,
0,
0,
0,
1,
-3,
2,
2,
2,
1,
0,
-1,
4,
-4,
-1,
0,
0,
1,
0,
0,
3,
1,
0,
1,
1,
-1,
1,
2,
1,
-1,
2,
-2,
1,
0,
1,
-3,
0,
2,
0,
2,
0,
-4,
4,
-3,
6,
0,
3,
0,
3,
0,
4,
-3,
1,
-2,
0,
0,
-1,
-4,
5,
-1,
4,
-3,
2,
-3,
2,
-2,
7,
-2,
5,
0,
5,
-1,
2,
-5,
5,
-6,
10,
-10,
7,
-4,
7,
-12,
8,
-7,
10,
-15,
17,
-15,
25,
-26,
33,
-38,
44,
76,
3744,
7533,
7988,
6272,
2367,
-2273,
-6671,
-8943,
-8814,
-6696,
-3283,
146,
2747,
4830,
6659,
8095,
7911,
5521,
1066,
-4250,
-8407,
-9868,
-8580,
-5566,
-2245,
638,
2782,
4598,
6237,
7098,
6180,
3139,
-1371,
-5860,
-8759,
-8996,
-6893,
-3632,
-530,
1841,
3606,
5199,
6587,
7031,
5511,
1898,
-2773,
-6780,
-8670,
-7937,
-5283,
-2048,
683,
2726,
4413,
6026,
7174,
6948,
4588,
399,
-4271,
-7654,
-8607,
-7078,
-4066,
-893,
1599,
3490,
5183,
6750,
7498,
6489,
3285,
-1364,
-5819,
-8409,
-8388,
-6153,
-2930,
78,
2365,
4201,
5923,
7304,
7466,
5574,
1626,
-3208,
-7169,
-8830,
-7877,
-5094,
-1809,
984,
3096,
4901,
6583,
7627,
7053,
4280,
-224,
-4964,
-8198,
-8846,
-7061,
-3915,
-718,
1832,
3799,
5591,
7126,
7669,
6264,
2699,
-2128,
-6492,
-8822,
-8470,
-6005,
-2692,
314,
2618,
4495,
6242,
7519,
7404,
5140,
915,
-3960,
-7703,
-9026,
-7751,
-4795,
-1483,
1262,
3361,
5187,
6830,
7691,
6814,
3712,
-962,
-5618,
-8543,
-8828,
-6765,
-3521,
-359,
2117,
4074,
5857,
7314,
7612,
5885,
2043,
-2841,
-7013,
-8982,
-8282,
-5609,
-2263,
669,
2904,
4772,
6486,
7620,
7223,
4638,
218,
-4610,
-8081,
-9024,
-7436,
-4351,
-1067,
1596,
3645,
5457,
7040,
7705,
6511,
3121,
-1668,
-6176,
-8770,
-8689,
-6379,
-3073,
29,
2426,
4350,
6118,
7464,
7507,
5458,
1381,
-3514,
-7461,
-9062,
-8028,
-5175,
-1832,
1017,
3198,
5050,
6725,
7691,
7005,
4102,
-476,
-5227,
-8392,
-8960,
-7095,
-3898,
-666,
1913,
3928,
5727,
7231,
7676,
6162,
2496,
-2364,
-6692,
-8942,
-8505,
-5972,
-2627,
398,
2728,
4630,
6372,
7588,
7369,
4994,
701,
-4169,
-7858,
-9093,
-7737,
-4735,
-1404,
1365,
3488,
5323,
6948,
7733,
6741,
3538,
-1177,
-5805,
-8655,
-8859,
-6727,
-3448,
-267,
2230,
4210,
5995,
7404,
7610,
5776,
1849,
-3049,
-7176,
-9066,
-8279,
-5553,
-2180,
768,
3031,
4916,
6626,
7691,
7185,
4492,
16,
-4810,
-8217,
-9070,
-7417,
-4286,
-983,
1698,
3778,
5603,
7156,
7733,
6427,
2943,
-1875,
-6358,
-8872,
-8705,
-6331,
-2997,
121,
2547,
4497,
6258,
7555,
7505,
5347,
1187,
-3718,
-7611,
-9129,
-8015,
-5114,
-1746,
1126,
3329,
5200,
6853,
7752,
6953,
3956,
-678,
-5414,
-8515,
-9003,
-7066,
-3828,
-573,
2026,
4067,
5878,
7342,
7702,
6072,
2319,
-2570,
-6865,
-9031,
-8510,
-5920,
-2544,
503,
2855,
4778,
6513,
7670,
7346,
4867,
503,
-4367,
-7997,
-9146,
-7713,
-4670,
-1314,
1467,
3621,
5475,
7069,
7783,
6674,
3378,
-1379,
-5980,
-8761,
-8876,
-6683,
-3371,
-167,
2350,
4350,
6144,
7501,
7615,
5670,
1664,
-3249,
-7325,
-9131,
-8272,
-5489,
-2100,
869,
3155,
5061,
6751,
7752,
7145,
4349,
-182,
-4990,
-8331,
-9105,
-7379,
-4211,
-892,
1808,
3911,
5750,
7266,
7760,
6340,
2771,
-2076,
-6516,
-8948,
-8709,
-6280,
-2916,
219,
2661,
4635,
6393,
7634,
7487,
5218,
994,
-3913,
-7738,
-9175,
-7987,
-5046,
-1656,
1225,
3454,
5340,
6973,
7800,
6892,
3797,
-884,
-5584,
-8610,
-9012,
-7016,
-3752,
-479,
2140,
4198,
6011,
7438,
7703,
5962,
2135,
-2761,
-7005,
-9086,
-8489,
-5858,
-2459,
597,
2970,
4916,
6638,
7729,
7306,
4725,
308,
-4552,
-8106,
-9165,
-7668,
-4587,
-1222,
1573,
3742,
5608,
7175,
7798,
6588,
3205,
-1578,
-6139,
-8830,
-8866,
-6620,
-3290,
-73,
2456,
4478,
6266,
7577,
7598,
5537,
1476,
-3440,
-7452,
-9165,
-8234,
-5411,
-2010,
964,
3270,
5188,
6863,
7792,
7078,
4189,
-381,
-5159,
-8419,
-9104,
-7318,
-4128,
-801,
1907,
4029,
5867,
7353,
7762,
6236,
2588,
-2271,
-6659,
-9002,
-8675,
-6203,
-2826,
313,
2767,
4755,
6508,
7687,
7443,
5072,
804,
-4088,
-7848,
-9191,
-7938,
-4957,
-1568,
1327,
3561,
5457,
7067,
7815,
6804,
3624,
-1076,
-5737,
-8677,
-8992,
-6942,
-3660,
-386,
2240,
4314,
6125,
7502,
7679,
5838,
1942,
-2950,
-7130,
-9117,
-8443,
-5767,
-2366,
686,
3074,
5033,
6732,
7765,
7238,
4568,
116,
-4714,
-8191,
-9156,
-7601,
-4493,
-1133,
1670,
3853,
5724,
7254,
7792,
6476,
3024,
-1771,
-6274,
-8874,
-8826,
-6537,
-3194,
12,
2556,
4594,
6369,
7627,
7547,
5398,
1279,
-3611,
-7549,
-9168,
-8166,
-5319,
-1916,
1062,
3370,
5296,
6948,
7805,
6995,
4019,
-576,
-5305,
-8477,
-9074,
-7231,
-4026,
-709,
2006,
4133,
5970,
7412,
7729,
6106,
2398,
-2453,
-6764,
-9019,
-8619,
-6112,
-2725,
401,
2867,
4862,
6596,
7714,
7372,
4914,
607,
-4246,
-7920,
-9169,
-7853,
-4854,
-1471,
1414,
3658,
5561,
7135,
7798,
6695,
3443,
-1264,
-5864,
-8708,
-8936,
-6846,
-3558,
-298,
2328,
4411,
6217,
7542,
7623,
5690,
1749,
-3121,
-7212,
-9108,
-8365,
-5661,
-2268,
775,
3166,
5129,
6807,
7764,
7148,
4392,
-76,
-4852,
-8238,
-9116,
-7502,
-4391,
-1040,
1757,
3944,
5809,
7301,
7758,
6350,
2833,
-1949,
-6374,
-8884,
-8757,
-6428,
-3091,
101,
2645,
4684,
6440,
7645,
7476,
5235,
1090,
-3767,
-7613,
-9135,
-8072,
-5209,
-1822,
1146,
3459,
5387,
7001,
7784,
6875,
3838,
-761,
-5429,
-8498,
-9009,
-7128,
-3919,
-625,
2087,
4221,
6054,
7442,
7670,
5962,
2205,
-2618,
-6852,
-9009,
-8526,
-5995,
-2626,
486,
2948,
4945,
6661,
7712,
7275,
4738,
417,
-4386,
-7958,
-9118,
-7744,
-4743,
-1376,
1495,
3745,
5637,
7173,
7758,
6559,
3248,
-1437,
-5964,
-8705,
-8856,
-6729,
-3451,
-208,
2407,
4493,
6280,
7553,
7542,
5529,
1558,
-3270,
-7276,
-9069,
-8261,
-5544,
-2174,
865,
3242,
5209,
6851,
7746,
7026,
4212,
-266,
-4968,
-8263,
-9028,
-7412,
-4089,
-520,
1989,
3764,
5075,
5964,
5858,
4363,
1575,
-1699,
-4360,
-5592,
-5293,
-3837,
-1879,
49,
1640,
2821,
3559,
3707,
3137,
1849,
86,
-1685,
-2961,
-3392,
-2994,
-2009,
-783,
393,
1361,
2040,
2357,
2237,
1637,
674,
-418,
-1365,
-1931,
-2015,
-1662,
-1017,
-250,
493,
1067,
1415,
1479,
1259,
780,
148,
-496,
-995,
-1235,
-1194,
-904,
-462,
15,
454,
774,
924,
896,
679,
329,
-76,
-437,
-682,
-765,
-690,
-471,
-182,
116,
370,
534,
580,
512,
342,
108,
-134,
-336,
-453,
-465,
-384,
-232,
-42,
139,
275,
355,
357,
284,
160,
6,
-140,
-237,
-291,
-276,
-201,
-102,
19,
125,
196,
227,
209,
146,
63,
-34,
-108,
-166,
-179,
-159,
-106,
-35,
36,
97,
134,
140,
118,
75,
19,
-38,
-82,
-110,
-107,
-85,
-49,
-5,
39,
68,
86,
83,
65,
34,
-3,
-34,
-57,
-68,
-62,
-45,
-19,
8,
33,
51,
57,
50,
33,
12,
-9,
-27,
-39,
-43,
-35,
-21,
-3,
13,
26,
33,
36,
27,
15,
2,
-7,
-22,
-23,
-25,
-21,
-9,
0,
12,
20,
20,
19,
12,
3,
-2,
-6,
-12,
-17,
-17,
-10,
-3,
3,
11,
13,
13,
10,
5,
2,
-2,
-9,
-11,
-12,
-5,
-1,
0,
5,
4,
8,
8,
4,
2,
1,
-6,
-5,
-5,
-5,
-3,
-1,
1,
2,
1,
3,
5,
0,
1,
0,
-3,
-3,
-3,
-3,
-4,
-4,
1,
4,
2,
0,
3,
1,
0,
-1,
-2,
0,
0,
2,
4,
-1,
0,
2,
4,
2,
-1,
0,
0,
-3,
-3,
-3,
-2,
2,
0,
-1,
-1,
1,
0,
-3,
0,
6,
3,
0,
0,
-2,
2,
-2,
1,
1,
-3,
-2,
4,
0,
-2,
0,
2,
0,
0,
0,
-1,
-1,
-1,
0,
-1,
-1,
0,
6,
3,
0,
0,
1,
-2,
0,
-3,
0,
-5,
0,
-1,
-2,
0,
-4,
1,
-2,
2,
1,
0,
0,
3,
0,
-2,
0,
-1,
-3,
-2,
-1,
-1,
0,
-1,
0,
2,
1,
-1,
0,
-3,
0,
2,
1,
0,
0,
0,
1,
0,
4,
4,
2,
2,
0,
0,
-2,
3,
0,
2,
-4,
2,
-1,
0,
0,
2,
0,
0,
-3,
0,
1,
3,
0,
4,
-1,
0,
2,
2,
-3,
0,
0,
2,
-5,
0,
0,
2,
2,
1,
-1,
2,
0,
2,
0,
-2,
2,
-3,
-3,
1,
0,
1,
1,
-2,
-1,
0,
2,
0,
4,
0,
0,
0,
-1,
1,
0,
-2,
0,
1,
-1,
2,
-2,
-1,
0,
0,
0,
1,
0,
0,
0,
0,
2,
3,
-2,
0,
1,
0,
-1,
2,
-3,
-1,
4,
0,
0,
0,
0,
0,
-1,
-1,
-3,
-1,
1,
1,
1,
-1,
1,
0,
5,
0,
0,
-2,
-1,
0,
0,
4,
2,
-4,
1,
0,
0,
0,
1,
0,
0,
0,
1,
3,
-3,
-3,
0,
0,
1,
-2,
0,
-2,
0,
-1,
0,
1,
0,
-6,
0,
2,
0,
0,
0,
-3,
-2,
-1,
0,
1,
0,
0,
0,
0,
0,
1,
0,
1,
1,
0,
1,
1,
2,
0,
0,
0,
1,
-3,
-1,
-1,
3,
-3,
1,
0,
0,
0,
1,
0,
-1,
0,
0,
0,
1,
2,
-1,
0,
0,
0,
-3,
1,
0,
0,
0,
1,
0,
0,
0,
-1,
-2,
-1,
0,
0,
0,
0,
3,
2,
-1,
2,
-1,
1,
2,
1,
2,
-1,
0,
1,
1,
1,
0,
10,
56,
60,
30,
-14,
-60,
-84,
-89,
-73,
-46,
-9,
38,
77,
85,
85,
75,
51,
15,
-27,
-71,
-100,
-103,
-81,
-37,
8,
44,
71,
83,
82,
69,
36,
-1,
-43,
-78,
-93,
-85,
-55,
-11,
28,
54,
73,
79,
79,
50,
28,
-16,
-56,
-89,
-95,
-79,
-41,
-3,
36,
65,
75,
76,
68,
42,
10,
-33,
-73,
-95,
-93,
-68,
-26,
12,
52,
71,
77,
74,
59,
31,
-8,
-52,
-80,
-97,
-83,
-56,
-7,
26,
59,
71,
79,
73,
51,
18,
-18,
-66,
-86,
-94,
-72,
-41,
8,
38,
68,
76,
79,
65,
42,
2,
-39,
-78,
-92,
-92,
-58,
-23,
22,
50,
75,
71,
78,
55,
29,
-15,
-55,
-85,
-91,
-81,
-42,
-6,
38,
56,
82,
77,
73,
44,
18,
-30,
-64,
-95,
-87,
-72,
-28,
3,
45,
60,
83,
71,
63,
30,
1,
-52,
-75,
-97,
-82,
-61,
-16,
16,
58,
67,
81,
66,
57,
18,
-12,
-61,
-83,
-97,
-70,
-45,
7,
25,
66,
68,
81,
59,
49,
0,
-28,
-71,
-88,
-94,
-52,
-31,
20,
40,
75,
70,
81,
53,
35,
-15,
-42,
-90,
-88,
-89,
-41,
-16,
36,
48,
81,
68,
77,
36,
25,
-31,
-52,
-96,
-79,
-80,
-23,
-8,
44,
51,
86,
64,
72,
31,
14,
-48,
-66,
-99,
-74,
-67,
-8,
9,
58,
56,
86,
59,
65,
14,
-3,
-64,
-68,
-103,
-61,
-62,
11,
15,
73,
56,
89,
54,
64,
-2,
-9,
-86,
-70,
-108,
-46,
-44,
28,
16,
90,
53,
97,
33,
62,
-29,
-13,
-106,
-48,
-114,
-14,
-61,
68,
-1,
129,
8,
148,
-49,
145,
-195,
215,
-631,
3326,
9148,
-4817,
-10498,
3889,
15039,
4465,
-12636,
-7787,
9658,
11821,
-4476,
-14737,
-1437,
12367,
5761,
-11561,
-11119,
6296,
11683,
-2846,
-13806,
-2670,
11081,
5826,
-9938,
-10185,
5171,
10877,
-1497,
-12767,
-3358,
10600,
7286,
-8538,
-10862,
4527,
11855,
101,
-12567,
-4632,
10055,
8297,
-7061,
-11248,
3016,
11895,
2035,
-11545,
-5817,
9213,
9410,
-5628,
-11740,
1691,
11795,
3150,
-11043,
-6841,
8438,
10154,
-4217,
-11894,
449,
11789,
4600,
-10386,
-8208,
7313,
10813,
-2960,
-12283,
-1003,
11556,
5931,
-9398,
-9090,
6254,
11355,
-1507,
-12336,
-2581,
10916,
6975,
-8510,
-10094,
5036,
11768,
-39,
-12086,
-3806,
10417,
8049,
-7432,
-10926,
3582,
11801,
1247,
-11833,
-5207,
9668,
9069,
-6099,
-11401,
2352,
11911,
2637,
-11369,
-6554,
8620,
9716,
-4915,
-11865,
931,
11812,
4036,
-10560,
-7579,
7741,
10448,
-3569,
-12184,
-582,
11370,
5153,
-9821,
-8663,
6623,
11019,
-2078,
-12091,
-1851,
11040,
6362,
-8877,
-9667,
5303,
11242,
-798,
-12053,
-3233,
10474,
7496,
-7688,
-10290,
4168,
11550,
602,
-11805,
-4654,
9635,
8311,
-6618,
-10965,
2848,
11660,
2053,
-11223,
-5753,
8909,
9205,
-5385,
-11493,
1374,
11442,
3234,
-10691,
-6951,
7984,
9957,
-3974,
-11655,
151,
11311,
4522,
-9974,
-8093,
6806,
10388,
-2744,
-11837,
-1231,
10978,
5768,
-8967,
-8905,
5801,
10881,
-1381,
-11860,
-2677,
10330,
6722,
-8062,
-9757,
4596,
11216,
71,
-11511,
-3847,
9810,
7744,
-6976,
-10505,
3218,
11209,
1294,
-11218,
-5116,
9066,
8679,
-5684,
-10880,
2042,
11291,
2616,
-10728,
-6381,
8066,
9284,
-4543,
-11299,
710,
11172,
3954,
-9934,
-7315,
7202,
9959,
-3257,
-11558,
-733,
10740,
5002,
-9214,
-8332,
6143,
10495,
-1834,
-11456,
-1917,
10400,
6136,
-8319,
-9256,
4873,
10698,
-625,
-11391,
-3225,
9869,
7209,
-7174,
-9833,
3796,
10969,
703,
-11153,
-4562,
9044,
7971,
-6156,
-10451,
2540,
11067,
2076,
-10575,
-5601,
8354,
8806,
-4976,
-10942,
1141,
10845,
3198,
-10063,
-6720,
7459,
9517,
-3638,
-11069,
-24,
10708,
4406,
-9372,
-7801,
6326,
9909,
-2465,
-11224,
-1328,
10377,
5593,
-8401,
-8542,
5364,
10374,
-1172,
-11221,
-2705,
9750,
6487,
-7531,
-9340,
4219,
10675,
210,
-10881,
-3800,
9229,
7451,
-6499,
-10030,
2895,
10659,
1362,
-10586,
-4997,
8517,
8324,
-5268,
-10368,
1783,
10718,
2613,
-10111,
-6188,
7544,
8892,
-4179,
-10743,
517,
10590,
3878,
-9341,
-7064,
6718,
9522,
-2953,
-10975,
-855,
10160,
4867,
-8645,
-8002,
5708,
10014,
-1600,
-10859,
-1977,
9825,
5937,
-7787,
-8876,
4492,
10193,
-454,
-10779,
-3211,
9304,
6950,
-6693,
-9401,
3455,
10442,
803,
-10533,
-4480,
8507,
7663,
-5715,
-9966,
2259,
10516,
2107,
-9973,
-5448,
7834,
8445,
-4596,
-10417,
929,
10289,
3168,
-9476,
-6498,
6975,
9112,
-3314,
-10517,
-174,
10146,
4308,
-8806,
-7513,
5887,
9472,
-2202,
-10651,
-1417,
9815,
5426,
-7875,
-8201,
4959,
9896,
-980,
-10639,
-2721,
9199,
6263,
-7042,
-8942,
3866,
10171,
338,
-10292,
-3750,
8697,
7173,
-6058,
-9587,
2607,
10144,
1426,
-9997,
-4878,
8001,
8000,
-4875,
-9881,
1542,
10182,
2610,
-9539,
-6004,
7063,
8524,
-3842,
-10224,
336,
10045,
3808,
-8788,
-6821,
6269,
9109,
-2678,
-10435,
-965,
9623,
4738,
-8122,
-7697,
5297,
9568,
-1384,
-10303,
-2025,
9290,
5748,
-7293,
-8517,
4131,
9724,
-298,
-10208,
-3194,
8784,
6708,
-6241,
-8998,
3143,
9942,
892,
-9965,
-4397,
8006,
7377,
-5311,
-9519,
2004,
10007,
2139,
-9416,
-5305,
7358,
8110,
-4243,
-9936,
731,
9774,
3136,
-8930,
-6293,
6525,
8736,
-3016,
-10009,
-324,
9621,
4214,
-8287,
-7245,
5479,
9067,
-1964,
-10125,
-1495,
9295,
5276,
-7389,
-7887,
4589,
9456,
-800,
-10095,
-2735,
8698,
6064,
-6586,
-8569,
3544,
9702,
445,
-9755,
-3718,
8191,
6917,
-5639,
-9159,
2355,
9682,
1502,
-9446,
-4780,
7512,
7674,
-4540,
-9470,
1294,
9673,
2620,
-8976,
-5790,
6667,
8224,
-3505,
-9754,
153,
9511,
3706,
-8323,
-6630,
5835,
8728,
-2395,
-9887,
-1012,
9177,
4664,
-7619,
-7430,
4886,
9113,
-1237,
-9831,
-2109,
8779,
5588,
-6805,
-8128,
3861,
9339,
-126,
-9683,
-3202,
8253,
6434,
-5882,
-8671,
2824,
9478,
1001,
-9394,
-4255,
7608,
7162,
-4915,
-9117,
1732,
9489,
2102,
-8957,
-5217,
6889,
7803,
-3883,
-9427,
612,
9358,
3146,
-8418,
-6119,
6070,
8333,
-2805,
-9596,
-489,
9119,
4145,
-7758,
-6937,
5171,
8741,
-1712,
-9635,
-1598,
8763,
5082,
-6999,
-7643,
4215,
9041,
-605,
-9540,
-2675,
8290,
5931,
-6148,
-8251,
3207,
9220,
503,
-9307,
-3708,
7718,
6698,
-5226,
-8732,
2155,
9275,
1585,
-8945,
-4688,
7047,
7362,
-4238,
-9087,
1079,
9212,
2632,
-8466,
-5607,
6282,
7926,
-3210,
-9315,
-8,
9027,
3634,
-7866,
-6437,
5438,
8382,
-2145,
-9412,
-1096,
8728,
4572,
-7171,
-7178,
4527,
8723,
-1064,
-9370,
-2158,
8318,
5440,
-6378,
-7812,
3568,
8948,
17,
-9203,
-3189,
7798,
6225,
-5508,
-8338,
2555,
9053,
1086,
-8908,
-4179,
7181,
6922,
-4569,
-8738,
1511,
9045,
2127,
-8491,
-5100,
6473,
7518,
-3579,
-9015,
451,
8916,
3125,
-7952,
-5951,
5685,
8015,
-2551,
-9167,
-611,
8673,
4075,
-7315,
-6712,
4820,
8399,
-1501,
-9189,
-1666,
8320,
4952,
-6579,
-7378,
3900,
8666,
-443,
-9077,
-2683,
7852,
5761,
-5767,
-7934,
2925,
8823,
600,
-8846,
-3675,
7296,
6480,
-4871,
-8383,
1917,
8863,
1638,
-8486,
-4601,
6638,
7111,
-3933,
-8707,
884,
8794,
2630,
-8015,
-5469,
5905,
7635,
-2938,
-8913,
-147,
8597,
3590,
-7437,
-6246,
5081,
8068,
-1923,
-8981,
-1187,
8307,
4469,
-6752,
-6946,
4215,
8372,
-877,
-8943,
-2189,
7877,
5308,
-6007,
-7513,
3249,
8623,
4,
-7979,
-2468,
5456,
4095,
-2942,
-4347,
755,
3695,
811,
-2736,
-1588,
1667,
1769,
-767,
-1647,
192,
1336,
192,
-1001,
-420,
679,
569,
-386,
-622,
88,
601,
164,
-492,
-334,
321,
409,
-126,
-379,
-28,
269,
119,
-141,
-142,
27,
119,
34,
-74,
-62,
43,
53,
-33,
-51,
34,
40,
-32,
-46,
24,
42,
-4,
-35,
-14,
15,
27,
1,
-29,
-21,
21,
28,
-8,
-28,
-1,
10,
2,
-2,
0,
-7,
-3,
4,
8,
-5,
-3,
0,
-1,
0,
3,
2,
-1,
-8,
3,
2,
-7,
-3,
1,
0,
-1,
-2,
1,
-4,
2,
4,
-3,
-2,
1,
-5,
0,
-1,
1,
-1,
0,
0,
0,
0,
-2,
0,
-3,
-2,
-1,
1,
-2,
0,
1,
0,
-1,
-1,
1,
0,
0,
-3,
3,
-1,
1,
2,
0,
0,
3,
1,
3,
-1,
0,
-5,
1,
-1,
2,
0,
-1,
0,
-1,
-1,
0,
3,
4,
0,
-2,
0,
0,
-5,
0,
2,
0,
0,
-2,
-4,
1,
1,
1,
4,
-2,
1,
-1,
0,
1,
3,
0,
0,
4,
1,
-1,
1,
4,
-1,
2,
0,
-1,
0,
1,
2,
0,
-2,
-1,
3,
0,
3,
-3,
-1,
-1,
-2,
-5,
0,
1,
-3,
2,
1,
1,
0,
0,
-2,
-1,
4,
0,
2,
0,
-1,
0,
2,
2,
2,
0,
0,
0,
2,
1,
1,
-2,
-1,
0,
-1,
5,
-1,
1,
0,
0,
1,
-4,
-4,
-1,
1,
0,
0,
0,
1,
0,
0,
-1,
0,
0,
3,
1,
0,
-1,
0,
-1,
2,
0,
0,
2,
0,
1,
1,
2,
2,
-2,
1,
0,
-1,
0,
-1,
3,
2,
2,
0,
0,
-1,
-1,
0,
-1,
0,
0,
0,
2,
-1,
0,
1,
-2,
1,
0,
-1,
3,
0,
1,
3,
-1,
2,
0,
-3,
-1,
-2,
0,
-1,
-1,
1,
2,
0,
-1,
4,
2,
-3,
0,
0,
0,
-4,
-2,
-5,
0,
-3,
0,
1,
0,
-1,
1,
1,
-2,
1,
-4,
1,
0,
-1,
2,
2,
0,
0,
2,
-2,
-3,
3,
1,
2,
2,
1,
0,
-3,
0,
3,
-2,
-2,
0,
1,
0,
2,
-1,
0,
1,
1,
0,
-2,
0,
0,
0,
2,
0,
-1,
-1,
0,
-2,
0,
2,
0,
-1,
0,
-2,
-2,
0,
0,
4,
0,
2,
-1,
-1,
4,
3,
2,
1,
0,
2,
1,
-2,
-2,
0,
0,
-4,
1,
0,
0,
-1,
1,
0,
0,
2,
-1,
0,
0,
-2,
0,
2,
-3,
0,
1,
0,
0,
0,
-1,
-1,
-1,
0,
-2,
0,
0,
-1,
-4,
0,
0,
-2,
1,
2,
0,
2,
0,
-1,
-1,
-1,
-1,
0,
1,
0,
1,
0,
-1,
0,
0,
3,
0,
0,
0,
1,
-2,
-1,
-3,
1,
-1,
0,
0,
-2,
0,
-6,
1,
0,
1,
1,
2,
4,
-2,
0,
1,
0,
-2,
0,
0,
1,
0,
0,
0,
0,
0,
-1,
0,
2,
-2,
-3,
1,
0,
0,
0,
1,
0,
2,
0,
0,
-1,
-1,
0,
-1,
0,
2,
2,
-1,
-3,
0,
1,
-3,
-1,
0,
-1,
1,
2,
2,
1,
0,
-1,
2,
0,
1,
1,
-1,
-1,
2,
0,
2,
1,
-1,
1,
0,
0,
-1,
-1,
2,
0,
0,
-1,
2,
2,
1,
1,
-2,
-2,
-2,
-3,
0,
-1,
0,
0,
1,
3,
-2,
39,
143,
24,
-163,
-214,
-56,
159,
225,
126,
-92,
-257,
-197,
21,
191,
184,
55,
-108,
-214,
-132,
64,
180,
161,
48,
-104,
-198,
-115,
81,
194,
156,
26,
-138,
-209,
-84,
120,
199,
122,
-24,
-167,
-189,
-37,
144,
185,
93,
-53,
-177,
-170,
-9,
155,
175,
73,
-78,
-186,
-149,
28,
175,
166,
44,
-107,
-195,
-117,
67,
185,
148,
16,
-133,
-196,
-87,
99,
187,
128,
-13,
-159,
-192,
-53,
128,
190,
106,
-44,
-174,
-173,
-16,
150,
180,
84,
-76,
-192,
-158,
26,
172,
170,
53,
-100,
-200,
-126,
57,
183,
153,
21,
-127,
-202,
-101,
91,
193,
141,
-3,
-150,
-197,
-65,
120,
192,
113,
-32,
-173,
-182,
-31,
147,
184,
92,
-67,
-188,
-166,
11,
169,
174,
62,
-95,
-199,
-141,
47,
179,
164,
37,
-116,
-199,
-106,
81,
187,
140,
6,
-144,
-195,
-79,
113,
190,
121,
-26,
-165,
-186,
-37,
138,
184,
97,
-55,
-182,
-172,
-2,
159,
176,
68,
-83,
-193,
-144,
38,
174,
162,
41,
-112,
-199,
-116,
71,
185,
147,
16,
-138,
-197,
-84,
103,
187,
128,
-19,
-164,
-188,
-47,
131,
188,
104,
-47,
-176,
-170,
-13,
153,
180,
78,
-73,
-187,
-152,
27,
170,
164,
48,
-104,
-195,
-121,
62,
179,
150,
26,
-133,
-192,
-95,
94,
182,
133,
-9,
-151,
-193,
-54,
119,
183,
105,
-32,
-171,
-170,
-26,
153,
175,
87,
-70,
-183,
-158,
18,
160,
175,
53,
-91,
-201,
-126,
45,
180,
151,
36,
-124,
-187,
-98,
89,
177,
145,
-7,
-135,
-198,
-56,
106,
190,
108,
-21,
-171,
-168,
-44,
153,
166,
106,
-69,
-166,
-177,
20,
139,
191,
42,
-60,
-217,
-98,
0,
223,
98,
112,
14,
5850,
12035,
12956,
10341,
4051,
-3450,
-10639,
-14326,
-14105,
-10721,
-5265,
140,
4172,
7393,
10356,
12901,
12846,
9144,
1993,
-6651,
-13443,
-15810,
-13668,
-8828,
-3640,
815,
4114,
6975,
9737,
11359,
10074,
5261,
-2015,
-9282,
-14007,
-14390,
-10955,
-5783,
-948,
2692,
5399,
7955,
10356,
11326,
9042,
3283,
-4257,
-10748,
-13816,
-12605,
-8333,
-3261,
937,
4053,
6678,
9336,
11384,
11247,
7587,
879,
-6639,
-12105,
-13645,
-11162,
-6381,
-1456,
2340,
5217,
7891,
10528,
11970,
10549,
5498,
-1931,
-9097,
-13279,
-13227,
-9649,
-4604,
14,
3483,
6292,
9069,
11471,
11965,
9102,
2855,
-4865,
-11232,
-13908,
-12367,
-7969,
-2885,
1365,
4556,
7365,
10136,
12027,
11346,
7059,
-89,
-7655,
-12836,
-13884,
-11032,
-6123,
-1231,
2614,
5615,
8443,
11043,
12151,
10121,
4543,
-3103,
-10064,
-13784,
-13220,
-9338,
-4225,
321,
3785,
6662,
9484,
11714,
11783,
8348,
1726,
-5992,
-11943,
-14061,
-12041,
-7437,
-2399,
1725,
4887,
7721,
10450,
12054,
10883,
6103,
-1228,
-8588,
-13234,
-13692,
-10461,
-5477,
-709,
2990,
5948,
8776,
11247,
11975,
9446,
3490,
-4171,
-10760,
-13881,
-12785,
-8641,
-3570,
811,
4146,
7003,
9784,
11792,
11417,
7509,
638,
-6929,
-12400,
-13893,
-11438,
-6704,
-1780,
2170,
5235,
8056,
10688,
11988,
10330,
5139,
-2292,
-9353,
-13437,
-13326,
-9770,
-4767,
-160,
3387,
6291,
9092,
11398,
11739,
8720,
2454,
-5159,
-11326,
-13851,
-12255,
-7913,
-2904,
1299,
4515,
7339,
10068,
11823,
10991,
6632,
-423,
-7791,
-12741,
-13651,
-10792,
-5977,
-1190,
2595,
5586,
8387,
10898,
11860,
9722,
4158,
-3325,
-10039,
-13549,
-12896,
-9062,
-4079,
364,
3774,
6638,
9400,
11515,
11441,
7948,
1411,
-6093,
-11810,
-13735,
-11692,
-7186,
-2277,
1757,
4870,
7680,
10327,
11808,
10509,
5732,
-1468,
-8584,
-13000,
-13335,
-10131,
-5268,
-620,
3003,
5934,
8715,
11083,
11679,
9064,
3157,
-4314,
-10653,
-13579,
-12419,
-8347,
-3405,
865,
4150,
6980,
9698,
11583,
11076,
7133,
371,
-6972,
-12204,
-13546,
-11081,
-6457,
-1666,
2195,
5225,
8019,
10563,
11726,
9959,
4792,
-2488,
-9306,
-13169,
-12956,
-9445,
-4571,
-79,
3401,
6279,
9036,
11227,
11428,
8344,
2146,
-5263,
-11180,
-13522,
-11887,
-7628,
-2759,
1341,
4514,
7317,
9968,
11595,
10645,
6266,
-657,
-7795,
-12513,
-13286,
-10440,
-5743,
-1082,
2622,
5575,
8339,
10764,
11581,
9348,
3823,
-3476,
-9952,
-13250,
-12516,
-8741,
-3887,
433,
3784,
6618,
9327,
11318,
11114,
7571,
1126,
-6159,
-11623,
-13389,
-11314,
-6906,
-2137,
1797,
4876,
7647,
10212,
11552,
10149,
5370,
-1675,
-8551,
-12734,
-12955,
-9780,
-5039,
-527,
3027,
5919,
8657,
10921,
11372,
8682,
2838,
-4439,
-10523,
-13245,
-12032,
-8036,
-3235,
927,
4156,
6951,
9602,
11358,
10726,
6751,
113,
-7004,
-11984,
-13177,
-10707,
-6194,
-1542,
2234,
5243,
8017,
10493,
11525,
9661,
4488,
-2662,
-9272,
-12949,
-12673,
-9218,
-4463,
-70,
3389,
6277,
9016,
11123,
11199,
8044,
1897,
-5343,
-11059,
-13254,
-11610,
-7439,
-2700,
1326,
4493,
7308,
9913,
11433,
10364,
5968,
-861,
-7790,
-12314,
-12989,
-10175,
-5588,
-1044,
2610,
5567,
8336,
10674,
11378,
9056,
3554,
-3598,
-9861,
-12982,
-12208,
-8500,
-3778,
458,
3779,
6617,
9301,
11192,
10866,
7273,
910,
-6190,
-11447,
-13081,
-11017,
-6715,
-2068,
1800,
4865,
7643,
10151,
11373,
9864,
5082,
-1834,
-8495,
-12497,
-12640,
-9515,
-4902,
-493,
3017,
5912,
8628,
10811,
11144,
8379,
2587,
-4521,
-10393,
-12965,
-11716,
-7814,
-3145,
932,
4135,
6936,
9549,
11202,
10454,
6445,
-90,
-7005,
-11783,
-12866,
-10422,
-6028,
-1491,
2219,
5203,
7946,
10330,
11234,
9286,
4162,
-2800,
-9151,
-12611,
-12245,
-8853,
-4238,
6,
3376,
6257,
8951,
10917,
10812,
7580,
1558,
-5385,
-10764,
-12778,
-11183,
-7206,
-2632,
1337,
4536,
7372,
9869,
11138,
9875,
5488,
-1095,
-7668,
-11880,
-12489,
-9839,
-5474,
-1050,
2603,
5638,
8390,
10547,
10969,
8509,
3121,
-3712,
-9585,
-12484,
-11757,
-8278,
-3748,
426,
3798,
6702,
9306,
10948,
10362,
6724,
575,
-6150,
-11057,
-12564,
-10636,
-6576,
-2082,
1778,
4920,
7721,
10076,
11016,
9310,
4581,
-2038,
-8303,
-12012,
-12141,
-9224,
-4833,
-526,
3018,
5996,
8677,
10635,
10687,
7815,
2179,
-4568,
-10056,
-12437,
-11279,
-7617,
-3130,
901,
4172,
7028,
9528,
10911,
9930,
5913,
-370,
-6892,
-11337,
-12337,
-10061,
-5903,
-1506,
2207,
5271,
8015,
10219,
10837,
8719,
3693,
-2941,
-8891,
-12095,
-11758,
-8584,
-4186,
-7,
3413,
6320,
8928,
10672,
10357,
7091,
1247,
-5382,
-10463,
-12325,
-10767,
-6946,
-2520,
1364,
4535,
7334,
9716,
10823,
9440,
5083,
-1292,
-7572,
-11540,
-12050,
-9462,
-5243,
-958,
2621,
5607,
8285,
10320,
10601,
8088,
2795,
-3796,
-9401,
-12105,
-11324,
-7933,
-3561,
486,
3786,
6637,
9150,
10662,
9970,
6329,
326,
-6137,
-10786,
-12144,
-10229,
-6285,
-1942,
1801,
4883,
7623,
9866,
10676,
8902,
4230,
-2187,
-8184,
-11671,
-11710,
-8841,
-4601,
-434,
3019,
5932,
8537,
10379,
10313,
7409,
1890,
-4618,
-9841,
-12042,
-10849,
-7282,
-2949,
951,
4149,
6937,
9340,
10604,
9524,
5540,
-577,
-6835,
-11035,
-11910,
-9657,
-5628,
-1385,
2221,
5219,
7892,
9982,
10480,
8309,
3365,
-3045,
-8727,
-11724,
-11314,
-8218,
-3968,
67,
3394,
6245,
8764,
10383,
9967,
6690,
994,
-5388,
-10206,
-11910,
-10336,
-6632,
-2366,
1399,
4497,
7222,
9507,
10483,
9027,
4721,
-1457,
-7470,
-11205,
-11608,
-9071,
-4991,
-850,
2620,
5538,
8138,
10056,
10219,
7679,
2486,
-3866,
-9204,
-11701,
-10882,
-7581,
-3365,
541,
3759,
6544,
8961,
10353,
9554,
5947,
95,
-6087,
-10502,
-11694,
-9835,
-5738,
-1227,
2028,
4488,
6433,
7832,
7878,
6021,
2429,
-1885,
-5389,
-7092,
-6878,
-5184,
-2798,
-318,
1818,
3489,
4592,
4914,
4251,
2642,
374,
-1958,
-3708,
-4383,
-3979,
-2796,
-1253,
281,
1590,
2558,
3082,
3020,
2296,
1060,
-374,
-1651,
-2456,
-2648,
-2267,
-1482,
-497,
493,
1305,
1820,
1979,
1745,
1155,
335,
-527,
-1226,
-1615,
-1616,
-1279,
-727,
-98,
502,
969,
1239,
1237,
992,
543,
7,
-507,
-877,
-1039,
-974,
-720,
-343,
70,
443,
708,
812,
757,
550,
237,
-109,
-416,
-614,
-671,
-592,
-393,
-135,
125,
345,
496,
538,
459,
303,
83,
-137,
-316,
-423,
-434,
-360,
-215,
-41,
132,
272,
351,
353,
287,
165,
14,
-137,
-242,
-302,
-289,
-227,
-116,
9,
125,
214,
253,
246,
185,
92,
-16,
-118,
-188,
-221,
-204,
-145,
-65,
21,
107,
168,
190,
177,
126,
46,
-33,
-104,
-153,
-166,
-144,
-96,
-32,
33,
94,
134,
149,
135,
89,
24,
-39,
-96,
-129,
-135,
-113,
-68,
-16,
40,
91,
119,
123,
104,
65,
9,
-50,
-89,
-113,
-111,
-90,
-50,
0,
49,
87,
108,
111,
90,
43,
-3,
-57,
-90,
-104,
-95,
-74,
-30,
12,
54,
87,
105,
93,
67,
22,
-23,
-62,
-92,
-100,
-84,
-55,
-18,
25,
63,
88,
96,
83,
50,
11,
-34,
-70,
-88,
-93,
-73,
-41,
-6,
36,
71,
93,
90,
73,
37,
-2,
-45,
-79,
-91,
-84,
-63,
-28,
14,
49,
80,
91,
85,
62,
21,
-22,
-58,
-81,
-87,
-77,
-50,
-13,
25,
59,
80,
92,
79,
45,
6,
-36,
-69,
-84,
-84,
-65,
-40,
2,
33,
71,
87,
87,
67,
30,
-8,
-46,
-74,
-89,
-77,
-60,
-22,
9,
48,
76,
86,
81,
54,
15,
-28,
-57,
-81,
-85,
-70,
-46,
-7,
28,
63,
82,
85,
69,
44,
1,
-40,
-70,
-89,
-85,
-63,
-34,
1,
45,
69,
84,
84,
64,
27,
-15,
-50,
-79,
-82,
-76,
-52,
-17,
21,
55,
77,
83,
74,
48,
10,
-30,
-62,
-82,
-85,
-68,
-42,
-1,
32,
66,
82,
86,
69,
38,
-3,
-41,
-70,
-81,
-79,
-60,
-28,
10,
46,
73,
84,
75,
58,
24,
-18,
-53,
-74,
-81,
-70,
-47,
-12,
20,
55,
78,
84,
73,
43,
6,
-29,
-65,
-83,
-84,
-63,
-36,
-3,
35,
65,
82,
84,
65,
30,
-11,
-45,
-71,
-83,
-78,
-54,
-22,
15,
52,
72,
86,
78,
52,
17,
-21,
-60,
-74,
-79,
-71,
-41,
-7,
29,
62,
78,
81,
67,
39,
-1,
-37,
-67,
-79,
-78,
-57,
-28,
1,
33,
56,
70,
64,
45,
23,
-3,
-28,
-43,
-50,
-45,
-30,
-10,
5,
25,
34,
40,
32,
20,
10,
-9,
-20,
-28,
-32,
-24,
-12,
-1,
10,
20,
25,
20,
20,
11,
2,
-9,
-14,
-16,
-19,
-12,
-6,
1,
5,
14,
18,
14,
10,
3,
-1,
-7,
-13,
-12,
-13,
-5,
0,
3,
8,
7,
10,
6,
7,
4,
-3,
-4,
-7,
-5,
-8,
-1,
-1,
5,
6,
6,
5,
6,
2,
-3,
-3,
-3,
-6,
-4,
0,
0,
-1,
3,
0,
1,
0,
2,
0,
-2,
-1,
-7,
-4,
-2,
0,
0,
0,
2,
1,
0,
4,
0,
0,
-2,
-2,
0,
-4,
2,
-2,
1,
0,
1,
0,
0,
3,
0,
1,
0,
0,
-2,
-2,
-1,
-3,
0,
2,
-1,
0,
1,
1,
0,
1,
1,
-1,
2,
0,
0,
1,
1,
0,
-2,
2,
-1,
1,
-1,
24,
135,
163,
85,
-34,
-160,
-259,
-282,
-218,
-94,
45,
166,
225,
234,
217,
183,
132,
36,
-102,
-231,
-321,
-310,
-214,
-57,
84,
182,
220,
217,
194,
164,
97,
-6,
-134,
-246,
-295,
-255,
-134,
14,
129,
195,
208,
191,
161,
125,
53,
-48,
-180,
-270,
-287,
-211,
-77,
63,
155,
199,
198,
178,
149,
108,
20,
-102,
-221,
-287,
-274,
-168,
-27,
103,
180,
204,
193,
173,
149,
81,
-24,
-149,
-267,
-299,
-243,
-124,
29,
140,
201,
205,
195,
174,
125,
51,
-69,
-199,
-288,
-296,
-206,
-70,
76,
169,
210,
208,
191,
156,
104,
7,
-122,
-247,
-302,
-276,
-160,
-12,
121,
194,
216,
208,
184,
146,
71,
-42,
-174,
-280,
-304,
-241,
-100,
43,
156,
211,
216,
194,
175,
121,
36,
-96,
-224,
-299,
-289,
-197,
-47,
91,
188,
218,
212,
189,
161,
92,
-8,
-148,
-263,
-312,
-264,
-143,
12,
132,
203,
217,
210,
180,
143,
57,
-61,
-201,
-291,
-313,
-224,
-86,
66,
165,
220,
213,
202,
164,
119,
15,
-107,
-248,
-305,
-295,
-173,
-32,
113,
190,
225,
206,
193,
147,
89,
-36,
-159,
-288,
-306,
-263,
-121,
24,
153,
206,
229,
199,
187,
123,
54,
-93,
-206,
-311,
-294,
-223,
-54,
72,
190,
213,
230,
188,
174,
95,
12,
-144,
-245,
-330,
-266,
-173,
8,
114,
221,
209,
228,
171,
159,
51,
-31,
-203,
-277,
-333,
-226,
-120,
70,
146,
237,
203,
225,
153,
145,
4,
-76,
-260,
-287,
-330,
-169,
-75,
132,
160,
265,
184,
236,
120,
136,
-62,
-105,
-327,
-260,
-333,
-73,
-61,
225,
118,
333,
91,
326,
-29,
271,
-355,
204,
-925,
7150,
5453,
-11337,
-4078,
13422,
12031,
-9225,
-11808,
8047,
13282,
-3248,
-13812,
-771,
11636,
1964,
-12191,
-6047,
9031,
6849,
-9518,
-9829,
6894,
9936,
-6038,
-13154,
2731,
11699,
-1485,
-13798,
-2456,
11366,
4489,
-10956,
-6814,
8599,
8494,
-6825,
-10319,
4453,
10450,
-2664,
-12255,
-98,
11500,
2521,
-11475,
-4332,
10658,
7093,
-8890,
-8611,
7263,
9907,
-4943,
-11527,
2437,
11258,
339,
-11505,
-2001,
11179,
5293,
-9888,
-6632,
8829,
8806,
-6935,
-10534,
4692,
10923,
-2255,
-11740,
416,
11788,
3007,
-10923,
-4473,
10138,
7132,
-8564,
-8999,
6513,
9861,
-4524,
-11319,
2573,
11710,
722,
-11512,
-2211,
11099,
5222,
-10039,
-7109,
8221,
8492,
-6759,
-10390,
4629,
11134,
-1652,
-11453,
88,
11498,
3090,
-10935,
-4978,
9536,
6836,
-8609,
-9074,
6471,
10151,
-3964,
-10968,
2401,
11479,
819,
-11382,
-2641,
10455,
4936,
-10031,
-7347,
7963,
8752,
-6065,
-10000,
4523,
11039,
-1454,
-11348,
-285,
10983,
2874,
-10994,
-5335,
9153,
7015,
-7915,
-8634,
6420,
10162,
-3633,
-10825,
2017,
11056,
730,
-11450,
-3136,
9970,
5042,
-9428,
-6969,
8011,
8921,
-5642,
-9861,
4161,
10701,
-1422,
-11405,
-846,
10403,
2900,
-10528,
-5080,
9226,
7346,
-7380,
-8509,
6076,
9933,
-3508,
-10879,
1427,
10469,
685,
-11165,
-3051,
10035,
5488,
-8801,
-6832,
7704,
8793,
-5438,
-9923,
3587,
10153,
-1506,
-11309,
-963,
10427,
3415,
-9840,
-4918,
8997,
7315,
-7136,
-8578,
5544,
9469,
-3592,
-10952,
1117,
10407,
1212,
-10469,
-2866,
9916,
5582,
-8513,
-6933,
7222,
8439,
-5485,
-10121,
3110,
9989,
-1026,
-10672,
-762,
10428,
3648,
-9527,
-5047,
8566,
7094,
-7124,
-8869,
4940,
9212,
-3210,
-10434,
1291,
10521,
1592,
-10114,
-3015,
9538,
5475,
-8448,
-7267,
6568,
8112,
-5225,
-9780,
3218,
10200,
-503,
-10268,
-910,
10115,
3641,
-9405,
-5393,
7909,
6740,
-6998,
-8733,
4946,
9474,
-2577,
-9985,
1177,
10289,
1684,
-9965,
-3354,
8929,
5151,
-8418,
-7347,
6425,
8375,
-4537,
-9302,
3162,
10072,
-335,
-10119,
-1243,
9594,
3396,
-9455,
-5664,
7622,
6955,
-6306,
-8262,
4958,
9475,
-2316,
-9849,
845,
9863,
1532,
-10057,
-3779,
8511,
5279,
-7808,
-6919,
6509,
8526,
-4175,
-9180,
2836,
9740,
-376,
-10212,
-1766,
9074,
3427,
-8977,
-5346,
7741,
7252,
-5840,
-8139,
4651,
9235,
-2256,
-9933,
289,
9301,
1473,
-9750,
-3611,
8635,
5697,
-7245,
-6780,
6235,
8373,
-4041,
-9254,
2284,
9196,
-485,
-10091,
-1786,
9155,
3922,
-8336,
-5173,
7539,
7190,
-5648,
-8212,
4137,
8754,
-2385,
-9983,
69,
9295,
1990,
-9081,
-3403,
8522,
5750,
-7010,
-6867,
5772,
7988,
-4145,
-9438,
1890,
9080,
-17,
-9451,
-1546,
9157,
4100,
-8064,
-5285,
7127,
6922,
-5705,
-8486,
3606,
8533,
-2005,
-9437,
296,
9418,
2309,
-8763,
-3527,
8164,
5595,
-7002,
-7190,
5166,
7700,
-3839,
-8982,
2109,
9296,
406,
-9120,
-1663,
8916,
4122,
-7964,
-5644,
6441,
6523,
-5584,
-8265,
3717,
8798,
-1489,
-9103,
142,
9169,
2368,
-8646,
-3869,
7507,
5173,
-7043,
-7206,
5138,
7990,
-3253,
-8639,
1964,
9136,
584,
-8918,
-1954,
8316,
3704,
-8117,
-5833,
6325,
6860,
-4884,
-7828,
3671,
8755,
-1214,
-8862,
-45,
8779,
2120,
-8826,
-4254,
7233,
5449,
-6334,
-6734,
5184,
8034,
-2958,
-8445,
1781,
8860,
465,
-9126,
-2502,
7847,
3832,
-7532,
-5422,
6440,
7027,
-4553,
-7700,
3469,
8585,
-1203,
-9030,
-673,
8178,
2092,
-8413,
-3944,
7401,
5755,
-5929,
-6650,
4961,
7946,
-2819,
-8553,
1165,
8222,
302,
-8929,
-2363,
8032,
4265,
-7035,
-5331,
6228,
6998,
-4325,
-7742,
2925,
7987,
-1439,
-9055,
-730,
8313,
2610,
-7835,
-3818,
7229,
5783,
-5663,
-6652,
4526,
7467,
-3064,
-8766,
884,
8253,
844,
-8293,
-2174,
7933,
4347,
-6790,
-5372,
5859,
6668,
-4487,
-8009,
2550,
7968,
-916,
-8464,
-575,
8250,
2702,
-7649,
-3942,
6897,
5588,
-5714,
-6929,
4093,
7404,
-2580,
-8221,
1062,
8276,
994,
-8169,
-2392,
7612,
4259,
-6747,
-5631,
5414,
6558,
-4113,
-7626,
2640,
8017,
-698,
-8328,
-782,
8004,
2756,
-7501,
-4151,
6480,
5459,
-5462,
-6727,
4087,
7477,
-2318,
-8106,
826,
8075,
1134,
-7964,
-2554,
7264,
4164,
-6567,
-5571,
5331,
6654,
-3811,
-7539,
2380,
7836,
-518,
-8106,
-906,
7742,
2718,
-7378,
-4214,
6339,
5581,
-5125,
-6659,
3818,
7308,
-2143,
-7924,
713,
7908,
1187,
-7864,
-2714,
7064,
4288,
-6224,
-5507,
5084,
6522,
-3652,
-7420,
2249,
7749,
-375,
-8008,
-1129,
7507,
2841,
-7055,
-4169,
6127,
5506,
-4982,
-6623,
3648,
7281,
-1913,
-7814,
464,
7660,
1296,
-7591,
-2696,
6908,
4298,
-6077,
-5561,
4868,
6524,
-3372,
-7301,
2009,
7522,
-281,
-7810,
-1174,
7398,
2938,
-6891,
-4286,
5866,
5516,
-4686,
-6500,
3440,
7104,
-1813,
-7700,
355,
7578,
1467,
-7399,
-2850,
6627,
4306,
-5797,
-5470,
4696,
6428,
-3246,
-7265,
1827,
7450,
-48,
-7599,
-1333,
7122,
2946,
-6662,
-4247,
5726,
5510,
-4525,
-6525,
3197,
7027,
-1563,
-7488,
211,
7348,
1496,
-7240,
-2884,
6501,
4382,
-5593,
-5521,
4416,
6343,
-3002,
-7076,
1700,
7287,
7,
-7491,
-1444,
6996,
3087,
-6417,
-4309,
5443,
5427,
-4307,
-6397,
3083,
6949,
-1441,
-7418,
22,
7202,
1670,
-6975,
-2947,
6241,
4318,
-5415,
-5465,
4292,
6340,
-2823,
-7034,
1462,
7132,
189,
-7240,
-1504,
6792,
3067,
-6274,
-4346,
5293,
5474,
-4067,
-6360,
2820,
6780,
-1276,
-7215,
-40,
7062,
1719,
-6859,
-3060,
6060,
4404,
-5141,
-5430,
4035,
6194,
-2681,
-6892,
1369,
7056,
312,
-7126,
-1683,
6585,
3155,
-5995,
-4316,
5087,
5370,
-3928,
-6308,
2695,
6741,
-1067,
-7117,
-231,
6813,
1838,
-6671,
-2727,
5481,
3142,
-3572,
-3358,
2093,
2894,
-812,
-2327,
56,
1813,
342,
-1493,
-467,
1203,
660,
-1032,
-737,
829,
719,
-607,
-645,
403,
589,
-240,
-461,
36,
313,
118,
-138,
-162,
11,
112,
19,
-98,
48,
133,
-72,
-182,
41,
182,
0,
-125,
10,
69,
-37,
-61,
31,
48,
14,
-6,
-31,
-60,
0,
63,
32,
-21,
-10,
-25,
-46,
-2,
75,
38,
-33,
-35,
-4,
-13,
0,
38,
30,
-18,
-29,
-19,
-12,
6,
46,
29,
-20,
-38,
-19,
-6,
18,
44,
22,
-28,
-43,
-17,
11,
25,
33,
12,
-24,
-38,
-12,
12,
29,
30,
6,
-29,
-37,
-12,
16,
31,
26,
-1,
-33,
-37,
-6,
25,
36,
23,
-10,
-36,
-31,
0,
31,
32,
14,
-14,
-34,
-27,
3,
27,
34,
10,
-15,
-35,
-26,
5,
35,
34,
1,
-28,
-34,
-18,
13,
34,
22,
-4,
-26,
-34,
-12,
18,
37,
19,
-6,
-29,
-26,
-6,
25,
34,
19,
-13,
-34,
-24,
2,
28,
29,
11,
-18,
-35,
-25,
6,
28,
29,
8,
-24,
-33,
-12,
12,
33,
26,
0,
-27,
-32,
-8,
15,
31,
21,
-6,
-31,
-31,
-7,
21,
35,
19,
-9,
-34,
-28,
0,
25,
34,
12,
-18,
-34,
-22,
5,
30,
34,
5,
-23,
-34,
-20,
11,
34,
29,
3,
-26,
-31,
-10,
14,
34,
23,
-3,
-31,
-29,
-2,
21,
37,
20,
-9,
-33,
-25,
-3,
24,
33,
16,
-15,
-34,
-22,
0,
24,
33,
10,
-21,
-31,
-16,
7,
29,
27,
7,
-21,
-31,
-13,
13,
31,
22,
-1,
-29,
-30,
-9,
17,
31,
24,
-14,
-29,
-27,
-1,
20,
35,
18,
-10,
-33,
-19,
3,
26,
28,
8,
-17,
-32,
-24,
7,
28,
27,
6,
-21,
-31,
-13,
15,
29,
24,
-4,
-25,
-27,
-9,
16,
35,
20,
-8,
-29,
-29,
-3,
22,
32,
16,
-12,
-27,
-24,
2,
26,
30,
7,
-19,
-31,
-19,
7,
30,
30,
7,
-22,
-33,
-16,
11,
33,
27,
-1,
-22,
-31,
-11,
10,
32,
23,
-8,
-27,
-26,
-6,
22,
25,
18,
-12,
-28,
-23,
-2,
26,
30,
9,
-17,
-29,
-21,
3,
29,
27,
7,
-19,
-27,
-18,
9,
30,
27,
3,
-24,
-29,
-9,
15,
30,
18,
-4,
-24,
-30,
-7,
20,
34,
15,
-12,
-28,
-23,
-1,
26,
32,
12,
-13,
-32,
-25,
3,
26,
27,
9,
-19,
-28,
-16,
11,
29,
26,
5,
-21,
-32,
-14,
12,
25,
22,
-3,
-24,
-26,
-12,
11,
24,
16,
-4,
-16,
-15,
-3,
13,
13,
6,
-5,
-13,
-9,
-1,
9,
8,
3,
-3,
-6,
-6,
1,
6,
7,
2,
-4,
-4,
-1,
2,
4,
1,
-4,
0,
-3,
1,
3,
4,
0,
1,
-1,
-2,
-1,
3,
1,
3,
4,
1,
1,
1,
0,
2,
-1,
-4,
-3,
-1,
-1,
0,
1,
-1,
2,
2,
0,
-1,
0,
-1,
-1,
-1,
-1,
1,
0,
2,
0,
1,
1,
-3,
0,
0,
-4,
-2,
-1,
1,
0,
-1,
0,
1,
0,
4,
-1,
1,
-2,
0,
0,
1,
3,
1,
0,
0,
2,
0,
0,
-3,
0,
-4,
-5,
1,
-1,
-2,
3,
0,
0,
0,
1,
0,
-1,
-1,
-1,
1,
0,
0,
0,
-2,
-4,
1,
0,
0,
-4,
0,
-5,
-2,
0,
2,
-4,
3,
-2,
1,
-6,
1,
0,
4,
-3,
6,
-7,
14,
-9,
203,
121,
-409,
-215,
372,
396,
-247,
-546,
8,
484,
157,
-455,
-369,
305,
455,
-107,
-509,
-57,
483,
251,
-364,
-358,
256,
449,
-63,
-458,
-76,
422,
252,
-322,
-376,
197,
435,
-16,
-465,
-143,
405,
288,
-291,
-410,
151,
441,
32,
-447,
-192,
366,
324,
-234,
-430,
85,
444,
85,
-421,
-240,
329,
355,
-190,
-440,
40,
441,
133,
-395,
-281,
299,
384,
-146,
-453,
-14,
433,
185,
-368,
-326,
256,
408,
-90,
-459,
-66,
418,
230,
-333,
-364,
208,
430,
-35,
-457,
-117,
402,
268,
-301,
-391,
164,
434,
11,
-444,
-170,
376,
306,
-249,
-415,
110,
441,
66,
-428,
-221,
349,
342,
-204,
-435,
61,
439,
116,
-408,
-263,
311,
370,
-158,
-444,
8,
433,
161,
-379,
-305,
272,
394,
-112,
-449,
-42,
419,
206,
-345,
-340,
228,
408,
-58,
-445,
-95,
403,
247,
-308,
-368,
183,
423,
-7,
-433,
-144,
383,
285,
-265,
-394,
132,
433,
36,
-424,
-195,
353,
321,
-219,
-413,
83,
430,
90,
-406,
-236,
317,
347,
-172,
-425,
32,
425,
137,
-375,
-279,
280,
373,
-128,
-434,
-19,
415,
183,
-351,
-311,
238,
394,
-78,
-437,
-71,
402,
225,
-316,
-344,
197,
409,
-33,
-429,
-116,
380,
262,
-272,
-371,
149,
413,
20,
-419,
-165,
350,
298,
-234,
-394,
97,
416,
64,
-398,
-212,
324,
325,
-187,
-414,
56,
416,
117,
-381,
-251,
285,
357,
-146,
-417,
3,
411,
154,
-345,
-291,
252,
369,
-97,
-426,
-44,
393,
199,
-325,
-323,
203,
393,
-52,
-416,
-99,
379,
235,
-285,
-357,
165,
395,
0,
-417,
-136,
344,
283,
-254,
-366,
110,
411,
38,
-385,
-200,
337,
292,
-193,
-402,
86,
386,
110,
-396,
-194,
265,
369,
-205,
-349,
112,
4771,
8924,
8993,
7185,
3291,
-1749,
-7216,
-10116,
-9842,
-7512,
-4077,
-718,
2290,
5266,
7652,
9125,
8749,
6544,
2082,
-4124,
-9421,
-11218,
-9450,
-6162,
-3151,
-386,
2400,
5110,
7128,
7789,
6764,
3897,
-828,
-6182,
-9932,
-10158,
-7556,
-4233,
-1429,
1072,
3647,
5934,
7381,
7640,
6231,
2751,
-2413,
-7362,
-9776,
-8724,
-5680,
-2611,
-176,
2260,
4843,
6937,
7939,
7571,
5428,
1219,
-4152,
-8404,
-9553,
-7596,
-4418,
-1553,
832,
3362,
5865,
7641,
8161,
7162,
4200,
-703,
-6016,
-9285,
-9141,
-6502,
-3359,
-706,
1735,
4385,
6730,
8095,
8031,
6305,
2518,
-2809,
-7650,
-9706,
-8428,
-5395,
-2385,
144,
2700,
5338,
7391,
8252,
7592,
5089,
555,
-4871,
-8880,
-9608,
-7433,
-4263,
-1454,
1032,
3686,
6204,
7851,
8157,
6830,
3539,
-1538,
-6695,
-9575,
-9043,
-6262,
-3150,
-531,
1993,
4670,
6928,
8099,
7811,
5783,
1735,
-3612,
-8133,
-9725,
-8114,
-5032,
-2109,
386,
2986,
5583,
7486,
8121,
7217,
4445,
-241,
-5530,
-9105,
-9374,
-6977,
-3844,
-1125,
1339,
3981,
6389,
7855,
7925,
6352,
2831,
-2284,
-7168,
-9557,
-8636,
-5753,
-2732,
-195,
2310,
4939,
7047,
8011,
7486,
5218,
994,
-4267,
-8411,
-9507,
-7617,
-4531,
-1715,
723,
3299,
5811,
7536,
7952,
6804,
3798,
-975,
-6062,
-9183,
-9012,
-6450,
-3379,
-769,
1670,
4276,
6554,
7819,
7658,
5859,
2134,
-2972,
-7543,
-9448,
-8173,
-5233,
-2317,
139,
2634,
5189,
7143,
7890,
7138,
4638,
273,
-4870,
-8609,
-9235,
-7105,
-4044,
-1340,
1054,
3605,
6009,
7555,
7746,
6376,
3155,
-1680,
-6535,
-9189,
-8611,
-5926,
-2938,
-423,
1990,
4548,
6692,
7756,
7376,
5344,
1439,
-3625,
-7848,
-9283,
-7695,
-4730,
-1921,
469,
2942,
5426,
7213,
7749,
6770,
4046,
-430,
-5410,
-8734,
-8916,
-6596,
-3578,
-978,
1368,
3898,
6188,
7545,
7518,
5920,
2497,
-2355,
-6935,
-9130,
-8190,
-5410,
-2517,
-89,
2305,
4812,
6806,
7665,
7060,
4806,
745,
-4223,
-8090,
-9051,
-7200,
-4236,
-1540,
790,
3250,
5644,
7255,
7571,
6373,
3432,
-1122,
-5900,
-8786,
-8556,
-6076,
-3129,
-636,
1688,
4178,
6344,
7499,
7261,
5435,
1837,
-3001,
-7274,
-9010,
-7741,
-4902,
-2114,
238,
2614,
5054,
6893,
7539,
6719,
4246,
65,
-4780,
-8253,
-8782,
-6703,
-3769,
-1179,
1104,
3542,
5832,
7263,
7362,
5947,
2811,
-1785,
-6332,
-8772,
-8166,
-5570,
-2703,
-301,
1999,
4441,
6475,
7426,
6968,
4932,
1174,
-3605,
-7549,
-8831,
-7269,
-4418,
-1731,
545,
2911,
5275,
6943,
7380,
6347,
3669,
-600,
-5282,
-8351,
-8461,
-6206,
-3319,
-835,
1408,
3822,
5991,
7235,
7124,
5493,
2185,
-2418,
-6702,
-8698,
-7746,
-5069,
-2298,
12,
2300,
4690,
6568,
7322,
6645,
4405,
521,
-4165,
-7757,
-8600,
-6794,
-3949,
-1371,
863,
3226,
5522,
7053,
7289,
6040,
3142,
-1234,
-5771,
-8479,
-8223,
-5830,
-2993,
-582,
1682,
4097,
6194,
7280,
6968,
5126,
1613,
-3009,
-7055,
-8666,
-7428,
-4708,
-2018,
258,
2572,
4934,
6705,
7270,
6399,
3939,
-91,
-4700,
-7964,
-8425,
-6420,
-3588,
-1094,
1125,
3482,
5698,
7051,
7084,
5629,
2562,
-1842,
-6148,
-8430,
-7817,
-5314,
-2557,
-239,
1999,
4363,
6312,
7196,
6675,
4627,
984,
-3570,
-7288,
-8470,
-6950,
-4208,
-1620,
594,
2881,
5163,
6766,
7126,
6042,
3397,
-712,
-5156,
-8040,
-8105,
-5928,
-3152,
-753,
1423,
3757,
5856,
7021,
6841,
5189,
1959,
-2443,
-6492,
-8362,
-7417,
-4846,
-2177,
61,
2280,
4594,
6402,
7084,
6348,
4120,
354,
-4102,
-7487,
-8255,
-6505,
-3762,
-1277,
878,
3150,
5350,
6774,
6928,
5647,
2825,
-1334,
-5584,
-8081,
-7776,
-5460,
-2748,
-445,
1736,
3992,
5904,
6954,
6693,
4779,
1214,
-3129,
-6672,
-8053,
-7057,
-4593,
-1846,
580,
2685,
4628,
6266,
7047,
6269,
3571,
-522,
-4667,
-7376,
-7820,
-6228,
-3573,
-856,
1448,
3425,
5245,
6652,
6947,
5440,
2094,
-2180,
-5887,
-7754,
-7364,
-5265,
-2496,
80,
2223,
4106,
5812,
6900,
6580,
4330,
492,
-3717,
-6815,
-7808,
-6676,
-4218,
-1463,
936,
2946,
4764,
6300,
6942,
5913,
2981,
-1141,
-5059,
-7416,
-7552,
-5810,
-3144,
-494,
1729,
3635,
5370,
6656,
6735,
4977,
1480,
-2722,
-6160,
-7680,
-7032,
-4819,
-2083,
400,
2461,
4293,
5912,
6831,
6260,
3786,
-109,
-4167,
-6954,
-7627,
-6287,
-3772,
-1086,
1222,
3158,
4924,
6351,
6786,
5504,
2399,
-1705,
-5408,
-7433,
-7279,
-5380,
-2717,
-153,
1980,
3829,
5503,
6640,
6484,
4487,
881,
-3219,
-6383,
-7578,
-6678,
-4377,
-1687,
707,
2690,
4471,
5997,
6735,
5914,
3241,
-692,
-4576,
-7053,
-7416,
-5881,
-3334,
-723,
1489,
3367,
5078,
6380,
6595,
5072,
1823,
-2242,
-5707,
-7411,
-6977,
-4950,
-2301,
168,
2222,
4017,
5617,
6598,
6200,
3985,
303,
-3677,
-6563,
-7442,
-6311,
-3947,
-1311,
989,
2908,
4638,
6073,
6612,
5544,
2689,
-1250,
-4945,
-7112,
-7175,
-5473,
-2914,
-385,
1746,
3569,
5211,
6387,
6381,
4620,
1245,
-2739,
-5961,
-7341,
-6663,
-4525,
-1908,
473,
2451,
4198,
5722,
6529,
5894,
3470,
-267,
-4107,
-6700,
-7266,
-5938,
-3520,
-948,
1261,
3118,
4794,
6116,
6452,
5151,
2140,
-1781,
-5268,
-7121,
-6913,
-5071,
-2508,
-55,
1985,
3759,
5342,
6368,
6141,
4154,
684,
-3214,
-6171,
-7243,
-6326,
-4110,
-1529,
759,
2667,
4369,
5801,
6429,
5562,
2949,
-820,
-4491,
-6787,
-7068,
-5556,
-3112,
-607,
1514,
3319,
4940,
6142,
6271,
4734,
1585,
-2285,
-5547,
-7093,
-6633,
-4661,
-2120,
246,
2217,
3941,
5448,
6324,
5865,
3680,
123,
-3645,
-6351,
-7098,
-6000,
-3543,
-825,
1164,
2675,
3882,
4772,
4826,
3711,
1525,
-1096,
-3239,
-4295,
-4193,
-3188,
-1754,
-244,
1068,
2102,
2792,
3006,
2621,
1653,
274,
-1157,
-2242,
-2677,
-2447,
-1739,
-800,
138,
945,
1546,
1885,
1867,
1435,
687,
-197,
-988,
-1497,
-1632,
-1409,
-938,
-335,
273,
779,
1115,
1227,
1094,
741,
238,
-304,
-750,
-1002,
-1012,
-814,
-475,
-86,
291,
591,
768,
785,
644,
371,
27,
-298,
-543,
-663,
-628,
-470,
-236,
22,
263,
436,
519,
496,
376,
181,
-46,
-252,
-391,
-442,
-395,
-270,
-109,
64,
215,
320,
357,
321,
221,
82,
-73,
-205,
-286,
-302,
-251,
-164,
-40,
75,
175,
236,
253,
215,
142,
28,
-80,
-169,
-215,
-217,
-169,
-100,
-12,
74,
146,
185,
186,
155,
91,
2,
-77,
-141,
-167,
-158,
-121,
-59,
7,
73,
123,
150,
148,
117,
59,
-11,
-81,
-123,
-139,
-125,
-92,
-37,
17,
71,
110,
131,
125,
87,
32,
-28,
-82,
-111,
-120,
-103,
-68,
-20,
29,
75,
106,
120,
106,
69,
14,
-38,
-86,
-103,
-109,
-86,
-49,
-6,
34,
78,
102,
108,
89,
44,
-2,
-50,
-84,
-103,
-95,
-75,
-37,
7,
51,
80,
98,
100,
75,
31,
-16,
-62,
-91,
-98,
-85,
-56,
-19,
21,
58,
88,
97,
87,
58,
11,
-35,
-73,
-89,
-94,
-76,
-45,
-8,
29,
68,
93,
94,
78,
44,
-7,
-49,
-83,
-91,
-88,
-60,
-30,
7,
46,
79,
97,
90,
67,
22,
-22,
-61,
-88,
-92,
-76,
-55,
-15,
18,
56,
83,
95,
85,
50,
6,
-38,
-69,
-90,
-88,
-68,
-40,
-3,
35,
73,
91,
91,
77,
37,
-9,
-52,
-79,
-90,
-86,
-62,
-25,
8,
47,
79,
93,
88,
61,
19,
-26,
-66,
-88,
-88,
-74,
-48,
-14,
26,
61,
86,
97,
85,
47,
1,
-39,
-76,
-90,
-85,
-70,
-36,
1,
38,
71,
93,
90,
70,
30,
-14,
-56,
-86,
-92,
-80,
-54,
-21,
15,
50,
78,
93,
84,
53,
13,
-29,
-69,
-89,
-92,
-72,
-44,
-9,
36,
64,
86,
92,
75,
41,
-4,
-44,
-80,
-87,
-82,
-64,
-31,
11,
47,
73,
97,
85,
65,
23,
-23,
-59,
-85,
-92,
-78,
-50,
-18,
20,
56,
84,
93,
82,
50,
8,
-37,
-68,
-88,
-88,
-67,
-39,
-4,
35,
65,
90,
93,
70,
38,
-11,
-51,
-74,
-95,
-86,
-62,
-23,
11,
49,
78,
93,
83,
57,
15,
-25,
-60,
-79,
-86,
-74,
-47,
-7,
23,
57,
87,
90,
80,
44,
2,
-40,
-74,
-89,
-85,
-62,
-31,
3,
35,
60,
72,
68,
54,
23,
-6,
-32,
-47,
-51,
-47,
-33,
-13,
2,
26,
36,
40,
36,
24,
4,
-12,
-20,
-32,
-32,
-29,
-16,
-6,
7,
17,
27,
24,
21,
10,
-2,
-6,
-16,
-18,
-18,
-14,
-9,
0,
7,
13,
13,
15,
12,
5,
-2,
-3,
-14,
-13,
-8,
-9,
-1,
1,
7,
8,
8,
10,
4,
1,
-4,
-10,
-11,
-6,
-7,
-4,
1,
2,
4,
3,
6,
5,
1,
0,
0,
-5,
-5,
-1,
-7,
0,
0,
4,
4,
3,
0,
2,
1,
0,
0,
-4,
-5,
4,
0,
-1,
-1,
2,
3,
0,
1,
4,
-1,
0,
0,
-4,
-2,
-1,
0,
5,
0,
0,
1,
1,
-2,
1,
-1,
1,
0,
-2,
-3,
-2,
1,
0,
-2,
2,
0,
1,
0,
-1,
-2,
0,
0,
-1,
-2,
0,
0,
0,
0,
4,
-1,
1,
0,
-5,
32,
201,
238,
122,
-47,
-232,
-366,
-402,
-317,
-143,
45,
226,
315,
333,
308,
273,
199,
60,
-126,
-324,
-453,
-446,
-304,
-87,
112,
250,
306,
302,
279,
239,
143,
0,
-184,
-338,
-412,
-357,
-196,
7,
174,
268,
283,
271,
238,
187,
88,
-66,
-247,
-375,
-405,
-302,
-119,
75,
209,
271,
272,
256,
221,
158,
39,
-128,
-305,
-400,
-379,
-242,
-47,
132,
239,
276,
265,
248,
204,
124,
-26,
-200,
-355,
-406,
-340,
-169,
20,
180,
258,
283,
265,
241,
183,
81,
-93,
-270,
-394,
-402,
-289,
-94,
86,
220,
273,
283,
259,
227,
149,
18,
-161,
-325,
-414,
-367,
-222,
-20,
145,
252,
282,
281,
250,
205,
108,
-47,
-233,
-372,
-412,
-320,
-153,
47,
194,
271,
282,
275,
234,
180,
52,
-111,
-291,
-397,
-392,
-264,
-76,
115,
225,
284,
279,
264,
213,
138,
-9,
-186,
-348,
-411,
-360,
-188,
-4,
166,
253,
286,
267,
248,
194,
91,
-76,
-249,
-385,
-397,
-306,
-116,
66,
210,
267,
285,
262,
233,
158,
35,
-143,
-308,
-402,
-370,
-239,
-44,
124,
245,
278,
278,
251,
210,
117,
-23,
-213,
-354,
-407,
-333,
-169,
25,
175,
266,
279,
269,
231,
185,
69,
-97,
-270,
-384,
-389,
-275,
-91,
92,
210,
272,
277,
260,
220,
148,
8,
-162,
-325,
-402,
-356,
-211,
-21,
146,
248,
275,
270,
241,
198,
97,
-50,
-233,
-365,
-398,
-308,
-139,
49,
187,
265,
272,
266,
222,
170,
43,
-115,
-291,
-384,
-382,
-243,
-71,
120,
219,
282,
262,
263,
205,
136,
-26,
-169,
-351,
-378,
-355,
-162,
-18,
186,
223,
304,
235,
278,
146,
116,
-102,
-292,
407,
5702,
-4959,
-3001,
10366,
471,
-7761,
5304,
6877,
-8595,
-1577,
10209,
-4571,
-9138,
7803,
2993,
-11132,
959,
9291,
-7177,
-6353,
10098,
502,
-10931,
4559,
7537,
-9434,
-3922,
9909,
-3068,
-9723,
7171,
5334,
-10092,
145,
10006,
-5189,
-6974,
8983,
1910,
-10449,
2847,
7841,
-7984,
-4153,
9790,
-1033,
-8750,
6399,
5888,
-8901,
-526,
9483,
-4587,
-7221,
7834,
2178,
-9680,
2775,
8199,
-6782,
-3833,
9649,
-658,
-8536,
5874,
5669,
-9010,
-1147,
8970,
-4431,
-7108,
8138,
2889,
-9161,
2801,
8451,
-6657,
-4177,
9388,
-720,
-9210,
5199,
5645,
-8961,
-1255,
9596,
-3643,
-7039,
8163,
3368,
-9318,
2237,
8420,
-6786,
-5133,
8897,
-487,
-9291,
5150,
6547,
-8313,
-1429,
9761,
-3157,
-7449,
7639,
3473,
-9681,
1221,
8239,
-6490,
-5299,
9107,
530,
-8933,
4937,
6909,
-8026,
-2031,
9453,
-3068,
-8102,
6785,
3601,
-9488,
1072,
8790,
-5554,
-5257,
9043,
995,
-8971,
4313,
6845,
-8134,
-2900,
8937,
-2767,
-8108,
6822,
4444,
-8842,
920,
8984,
-5155,
-5626,
8568,
1080,
-9400,
3419,
6725,
-7850,
-3032,
9295,
-1830,
-7825,
6670,
4847,
-8693,
353,
8765,
-5125,
-6371,
7881,
1261,
-9282,
3328,
7423,
-7048,
-3064,
9323,
-1356,
-8014,
6113,
4858,
-8901,
-549,
8430,
-4828,
-6430,
8016,
2177,
-8793,
3160,
7694,
-6715,
-3540,
8955,
-1272,
-8556,
5276,
4879,
-8685,
-688,
8898,
-3912,
-6288,
7927,
2616,
-8755,
2578,
7576,
-6767,
-4342,
8388,
-1022,
-8514,
5257,
5654,
-7984,
-790,
9027,
-3487,
-6585,
7426,
2677,
-9087,
1689,
7379,
-6475,
-4447,
8642,
-104,
-8154,
5101,
6003,
-7758,
-1310,
8748,
-3431,
-7230,
6687,
2792,
-8923,
1582,
7963,
-5642,
-4404,
8627,
346,
-8251,
4540,
5966,
-7895,
-2156,
8324,
-3156,
-7254,
6751,
3633,
-8354,
1443,
8178,
-5273,
-4798,
8213,
422,
-8693,
3700,
5895,
-7657,
-2281,
8697,
-2260,
-7022,
6640,
4028,
-8244,
896,
7999,
-5274,
-5525,
7587,
616,
-8604,
3638,
6581,
-6915,
-2323,
8761,
-1818,
-7227,
6125,
4052,
-8487,
42,
7713,
-4998,
-5598,
7754,
1481,
-8161,
3492,
6869,
-6630,
-2781,
8434,
-1755,
-7781,
5354,
4092,
-8295,
-79,
8197,
-4145,
-5483,
7698,
1910,
-8168,
2948,
6780,
-6704,
-3568,
7935,
-1515,
-7760,
5366,
4851,
-7667,
-180,
8344,
-3758,
-5792,
7248,
1964,
-8523,
2109,
6621,
-6445,
-3668,
8208,
-646,
-7448,
5236,
5202,
-7483,
-680,
8113,
-3729,
-6432,
6571,
2093,
-8395,
2020,
7209,
-5676,
-3654,
8229,
-216,
-7569,
4718,
5174,
-7655,
-1494,
7745,
-3470,
-6469,
6667,
2901,
-7887,
1894,
7444,
-5348,
-4044,
7858,
-154,
-8033,
3934,
5139,
-7440,
-1608,
8139,
-2625,
-6282,
6581,
3296,
-7811,
1371,
7295,
-5380,
-4756,
7296,
35,
-7964,
3896,
5813,
-6762,
-1659,
8229,
-2219,
-6504,
6113,
3322,
-8078,
582,
7085,
-5111,
-4841,
7499,
899,
-7543,
3773,
6104,
-6507,
-2085,
7948,
-2200,
-7087,
5399,
3384,
-7947,
418,
7524,
-4336,
-4763,
7434,
1251,
-7626,
3257,
6026,
-6652,
-2882,
7507,
-1942,
-7077,
5419,
4123,
-7335,
360,
7700,
-3985,
-5045,
7064,
1320,
-8003,
2484,
5947,
-6391,
-2986,
7799,
-1100,
-6777,
5324,
4462,
-7199,
-98,
7529,
-3982,
-5702,
6458,
1488,
-7892,
2391,
6516,
-5660,
-2962,
7828,
-721,
-6915,
4871,
4456,
-7412,
-894,
7225,
-3720,
-5761,
6551,
2257,
-7416,
2283,
6739,
-5394,
-3340,
7523,
-677,
-7418,
4137,
4467,
-7216,
-1027,
7598,
-2927,
-5583,
6487,
2615,
-7387,
1810,
6632,
-5462,
-4054,
7025,
-457,
-7378,
4085,
5113,
-6581,
-1063,
7700,
-2570,
-5817,
6084,
2648,
-7699,
1031,
6457,
-5209,
-4157,
7207,
326,
-7019,
3989,
5398,
-6386,
-1487,
7470,
-2546,
-6398,
5426,
2749,
-7553,
916,
6935,
-4461,
-4073,
7183,
671,
-7119,
3501,
5346,
-6507,
-2160,
7196,
-2216,
-6370,
5445,
3398,
-7105,
749,
7017,
-4253,
-4462,
6823,
782,
-7373,
2964,
5474,
-6185,
-2310,
7338,
-1631,
-6300,
5241,
3646,
-7044,
301,
6942,
-4092,
-4841,
6546,
1123,
-7285,
2717,
5766,
-5794,
-2511,
7275,
-1324,
-6456,
4889,
3828,
-7008,
-124,
6960,
-3732,
-5006,
6386,
1530,
-7157,
2428,
5911,
-5568,
-2834,
7142,
-1036,
-6618,
4554,
4088,
-6805,
-443,
7008,
-3347,
-5141,
6185,
1821,
-7134,
2081,
6023,
-5350,
-3162,
7015,
-661,
-6671,
4250,
4339,
-6584,
-734,
7004,
-3048,
-5327,
5955,
2108,
-7111,
1710,
6158,
-5052,
-3429,
6878,
-313,
-6678,
3959,
4542,
-6412,
-1050,
6997,
-2738,
-5533,
5703,
2429,
-7016,
1359,
6253,
-4744,
-3651,
6737,
1,
-6727,
3660,
4752,
-6235,
-1395,
6979,
-2382,
-5675,
5440,
2715,
-6891,
1045,
6324,
-4478,
-3889,
6597,
322,
-6776,
3332,
4965,
-6009,
-1706,
6911,
-2040,
-5782,
5183,
2962,
-6797,
730,
6416,
-4201,
-4148,
6427,
667,
-6775,
2996,
5130,
-5765,
-1984,
6843,
-1737,
-5900,
4943,
3229,
-6695,
384,
6479,
-3877,
-4368,
6226,
979,
-6742,
2688,
5273,
-5556,
-2258,
6787,
-1414,
-6029,
4664,
3504,
-6544,
44,
6497,
-3570,
-4543,
6033,
1262,
-6726,
2387,
5436,
-5332,
-2561,
6709,
-1063,
-6113,
4367,
3732,
-6374,
-252,
6507,
-3281,
-4731,
5854,
1566,
-6699,
2052,
5589,
-5066,
-2829,
6577,
-737,
-6163,
4091,
3928,
-6231,
-553,
6542,
-2988,
-4922,
5638,
1877,
-6641,
1716,
5684,
-4794,
-3069,
6461,
-448,
-6221,
3821,
4159,
-6075,
-874,
6537,
-2649,
-5092,
5398,
2143,
-6542,
1412,
5776,
-4559,
-3298,
6346,
-127,
-6289,
3522,
4369,
-5870,
-1189,
6499,
-2347,
-5205,
5164,
2399,
-6477,
1127,
5868,
-4290,
-3564,
6219,
191,
-6293,
3199,
4551,
-5678,
-1442,
6438,
-2037,
-5357,
4972,
2641,
-6366,
747,
6011,
-4080,
-3456,
5404,
184,
-4329,
1728,
2764,
-2714,
-1001,
2690,
-372,
-2019,
1141,
1142,
-1323,
-427,
1249,
-164,
-938,
506,
565,
-615,
-236,
577,
28,
-506,
152,
378,
-245,
-249,
282,
137,
-271,
-51,
260,
-42,
-201,
105,
145,
-155,
-75,
184,
17,
-191,
52,
165,
-94,
-125,
122,
69,
-128,
-19,
119,
-34,
-85,
67,
50,
-98,
-10,
98,
-21,
-92,
55,
76,
-64,
-46,
62,
17,
-50,
5,
37,
-29,
-16,
43,
-1,
-50,
19,
54,
-28,
-46,
31,
33,
-30,
-21,
29,
3,
-13,
6,
3,
-18,
6,
24,
-17,
-31,
20,
24,
-18,
-23,
16,
14,
-10,
-13,
4,
0,
6,
5,
-7,
-10,
13,
14,
-14,
-19,
18,
17,
-10,
-18,
6,
10,
0,
-5,
-6,
5,
13,
3,
-17,
-5,
17,
17,
-11,
-16,
9,
16,
1,
-18,
0,
11,
8,
-6,
-12,
0,
14,
2,
-14,
-8,
12,
12,
-11,
-13,
3,
20,
2,
-11,
-8,
9,
14,
-1,
-16,
-1,
15,
3,
-10,
-9,
10,
18,
-7,
-16,
-3,
11,
2,
-11,
-12,
9,
13,
-4,
-15,
-6,
17,
10,
-12,
-11,
4,
14,
0,
-14,
-5,
11,
5,
-7,
-15,
7,
16,
1,
-15,
-6,
14,
11,
-7,
-12,
4,
14,
1,
-12,
-7,
11,
7,
-4,
-12,
0,
19,
4,
-11,
-8,
11,
15,
-4,
-16,
-1,
14,
7,
-14,
-10,
10,
13,
0,
-16,
-4,
15,
9,
-8,
-15,
3,
12,
-2,
-16,
-7,
14,
14,
-8,
-12,
7,
14,
0,
-14,
-1,
12,
9,
-6,
-13,
8,
15,
-1,
-14,
-6,
11,
9,
-12,
-16,
1,
13,
8,
-15,
-8,
12,
13,
-6,
-15,
0,
16,
6,
-7,
-11,
8,
13,
-3,
-14,
1,
12,
9,
-14,
-10,
7,
14,
-7,
-18,
-1,
15,
7,
-9,
-11,
4,
13,
0,
-14,
-4,
13,
9,
-14,
-14,
2,
11,
3,
-11,
-6,
13,
10,
-9,
-7,
2,
12,
2,
-16,
-4,
13,
9,
-9,
-14,
0,
14,
5,
-13,
-11,
10,
12,
-7,
-14,
-1,
14,
7,
-12,
-9,
7,
12,
-4,
-14,
-4,
11,
6,
-11,
-9,
7,
12,
-4,
-14,
-1,
17,
10,
-11,
-14,
7,
13,
0,
-13,
-5,
12,
7,
-9,
-12,
0,
14,
2,
-14,
-4,
10,
10,
-6,
-12,
1,
14,
2,
-17,
-8,
10,
9,
-7,
-13,
0,
13,
2,
-12,
-11,
11,
11,
-1,
-13,
0,
13,
8,
-10,
-13,
8,
11,
-2,
-15,
-4,
11,
7,
-7,
-10,
0,
9,
1,
-8,
-3,
2,
2,
-1,
-5,
-2,
0,
1,
-2,
0,
0,
5,
-1,
0,
-1,
1,
3,
-1,
0,
0,
1,
0,
0,
0,
-1,
1,
2,
0,
2,
3,
-1,
0,
-4,
0,
2,
-1,
0,
0,
-1,
1,
0,
3,
-4,
3,
0,
-1,
0,
-1,
0,
0,
1,
0,
0,
0,
0,
0,
-2,
1,
0,
-1,
-3,
2,
0,
2,
0,
1,
2,
0,
1,
-1,
0,
1,
0,
-3,
-1,
-1,
-4,
2,
-2,
0,
0,
0,
0,
-1,
-1,
0,
1,
0,
2,
0,
0,
0,
-3,
0,
2,
-2,
-1,
2,
0,
-2,
3,
-6,
1,
-1,
0,
-3,
0,
0,
0,
2,
0,
0,
0,
-2,
2,
4,
4,
1,
-3,
0,
-1,
-2,
2,
2,
2,
0,
3,
0,
2,
0,
2,
-3,
-2,
1,
-4,
15,
165,
-73,
-269,
82,
305,
17,
-358,
-102,
283,
127,
-241,
-222,
151,
222,
-96,
-236,
42,
241,
15,
-245,
-35,
255,
109,
-239,
-138,
227,
190,
-177,
-220,
134,
243,
-62,
-251,
13,
237,
49,
-230,
-95,
208,
138,
-181,
-178,
150,
203,
-107,
-240,
68,
243,
-10,
-255,
-39,
237,
87,
-216,
-135,
183,
175,
-138,
-212,
102,
223,
-49,
-247,
8,
241,
50,
-235,
-93,
212,
138,
-185,
-181,
147,
203,
-98,
-235,
54,
234,
0,
-239,
-46,
225,
99,
-208,
-142,
180,
178,
-138,
-209,
100,
225,
-47,
-242,
1,
231,
48,
-224,
-96,
201,
143,
-173,
-180,
141,
204,
-89,
-228,
53,
231,
6,
-238,
-50,
222,
95,
-202,
-140,
170,
177,
-130,
-208,
92,
216,
-45,
-233,
-2,
228,
56,
-220,
-100,
193,
137,
-164,
-178,
136,
198,
-82,
-226,
42,
225,
8,
-230,
-51,
213,
98,
-192,
-143,
162,
171,
-125,
-202,
87,
217,
-36,
-228,
-5,
219,
57,
-210,
-100,
191,
134,
-157,
-178,
128,
197,
-77,
-216,
37,
221,
14,
-218,
-57,
205,
102,
-183,
-141,
159,
166,
-114,
-198,
83,
213,
-28,
-220,
-9,
215,
61,
-204,
-98,
179,
139,
-150,
-171,
114,
192,
-70,
-213,
30,
212,
16,
-210,
-58,
199,
100,
-175,
-142,
149,
168,
-106,
-197,
73,
205,
-24,
-214,
-14,
206,
62,
-195,
-100,
174,
140,
-144,
-165,
108,
188,
-65,
-202,
25,
208,
19,
-204,
-62,
191,
101,
-163,
-141,
144,
160,
-98,
-193,
72,
195,
-13,
-213,
-16,
192,
72,
-193,
-99,
163,
141,
-143,
-160,
99,
193,
-65,
-199,
17,
210,
17,
-193,
-72,
194,
94,
-150,
-146,
151,
148,
-80,
-204,
81,
168,
12,
-229,
14,
147,
123,
-81,
4570,
9554,
10082,
7637,
2676,
-2947,
-8396,
-11460,
-11351,
-8277,
-3721,
431,
3458,
6162,
8632,
10260,
9688,
6644,
1273,
-5345,
-10775,
-12655,
-10722,
-6687,
-2603,
870,
3699,
6106,
7934,
8685,
7572,
3999,
-1708,
-7604,
-11229,
-11205,
-8374,
-4428,
-625,
2545,
4871,
6629,
8057,
8661,
6952,
2357,
-3748,
-8735,
-10800,
-9773,
-6605,
-2574,
1110,
3776,
5618,
7358,
8874,
8751,
5668,
185,
-5579,
-9522,
-10678,
-8920,
-5122,
-860,
2362,
4450,
6339,
8401,
9444,
7988,
3764,
-1909,
-7210,
-10471,
-10622,
-7742,
-3400,
437,
3047,
5167,
7442,
9217,
9173,
6607,
1846,
-3949,
-8958,
-11208,
-9888,
-6098,
-1955,
1300,
3842,
6251,
8338,
9350,
8446,
5176,
-246,
-6247,
-10432,
-11079,
-8551,
-4625,
-848,
2309,
4951,
7129,
8724,
9226,
7669,
3378,
-2759,
-8321,
-11011,
-10305,
-7274,
-3337,
462,
3531,
5792,
7630,
9072,
9107,
6380,
966,
-5185,
-9591,
-10999,
-9495,
-5978,
-1745,
1880,
4387,
6329,
8270,
9505,
8423,
4372,
-1478,
-6982,
-10410,
-10875,
-8443,
-4245,
-112,
2841,
4968,
7126,
9068,
9385,
7005,
2231,
-3531,
-8534,
-11105,
-10328,
-6796,
-2471,
1025,
3542,
5858,
8101,
9376,
8615,
5427,
247,
-5596,
-10026,
-11232,
-9035,
-5053,
-1157,
1931,
4531,
6881,
8653,
9188,
7731,
3810,
-2019,
-7721,
-10912,
-10542,
-7564,
-3653,
14,
3094,
5564,
7518,
8884,
8983,
6676,
1668,
-4496,
-9286,
-10973,
-9598,
-6268,
-2259,
1419,
4175,
6207,
7997,
9236,
8558,
4946,
-828,
-6542,
-10132,
-10769,
-8652,
-4776,
-607,
2615,
4836,
6809,
8724,
9381,
7403,
2760,
-3036,
-8053,
-10763,
-10400,
-7294,
-2971,
765,
3366,
5515,
7734,
9278,
8823,
5764,
701,
-4979,
-9475,
-11130,
-9414,
-5515,
-1442,
1694,
4163,
6527,
8514,
9233,
7860,
4148,
-1360,
-7023,
-10621,
-10743,
-7912,
-3951,
-301,
2676,
5226,
7373,
8814,
8914,
6854,
2277,
-3736,
-8835,
-10956,
-9779,
-6517,
-2638,
942,
3844,
6076,
7860,
9021,
8575,
5435,
-91,
-5990,
-9897,
-10722,
-8790,
-5185,
-1137,
2276,
4707,
6636,
8406,
9261,
7730,
3377,
-2481,
-7633,
-10472,
-10368,
-7659,
-3529,
398,
3218,
5303,
7371,
9065,
8990,
6202,
1184,
-4454,
-8967,
-10899,
-9671,
-6033,
-1830,
1498,
3907,
6146,
8266,
9264,
8082,
4483,
-821,
-6352,
-10191,
-10832,
-8332,
-4315,
-557,
2362,
4846,
7125,
8763,
8947,
7012,
2754,
-2993,
-8250,
-10854,
-10020,
-6813,
-2938,
545,
3444,
5850,
7759,
8900,
8538,
5792,
622,
-5319,
-9610,
-10735,
-8949,
-5484,
-1604,
1842,
4487,
6515,
8190,
9072,
7927,
3980,
-1815,
-7208,
-10257,
-10330,
-7901,
-4035,
-72,
2995,
5173,
7098,
8782,
9045,
6642,
1754,
-3962,
-8544,
-10646,
-9789,
-6518,
-2318,
1243,
3744,
5840,
7931,
9201,
8343,
4887,
-342,
-5782,
-9714,
-10785,
-8721,
-4783,
-847,
2151,
4547,
6887,
8778,
9207,
7378,
3252,
-2335,
-7691,
-10776,
-10462,
-7422,
-3434,
112,
3002,
5551,
7723,
9037,
8756,
6219,
1346,
-4580,
-9299,
-10946,
-9396,
-5975,
-2153,
1281,
4127,
6407,
8182,
9081,
8184,
4632,
-1021,
-6719,
-10190,
-10534,
-8270,
-4604,
-697,
2599,
5046,
7021,
8669,
9158,
7190,
2527,
-3351,
-8214,
-10557,
-9989,
-7059,
-2993,
788,
3563,
5694,
7732,
9209,
8752,
5546,
285,
-5271,
-9364,
-10767,
-9173,
-5463,
-1359,
1877,
4274,
6517,
8555,
9294,
7694,
3691,
-1744,
-7029,
-10367,
-10549,
-7805,
-3784,
-115,
2723,
5192,
7475,
8991,
8839,
6435,
1854,
-3860,
-8741,
-10854,
-9639,
-6263,
-2419,
942,
3764,
6193,
8099,
9033,
8240,
5042,
-295,
-6058,
-9934,
-10600,
-8476,
-4916,
-1144,
2173,
4811,
6887,
8482,
9038,
7437,
3151,
-2685,
-7824,
-10418,
-10032,
-7342,
-3502,
318,
3293,
5527,
7511,
8970,
8776,
5991,
959,
-4737,
-9083,
-10671,
-9284,
-5873,
-1905,
1493,
4103,
6321,
8242,
9147,
7960,
4254,
-1200,
-6604,
-10055,
-10471,
-8125,
-4329,
-532,
2538,
4979,
7116,
8743,
8961,
6834,
2316,
-3359,
-8221,
-10566,
-9829,
-6759,
-2834,
713,
3508,
5818,
7829,
9037,
8441,
5353,
203,
-5396,
-9447,
-10611,
-8854,
-5290,
-1404,
1850,
4422,
6615,
8419,
9064,
7558,
3568,
-1975,
-7197,
-10241,
-10226,
-7621,
-3785,
-76,
2885,
5277,
7368,
8848,
8773,
6301,
1552,
-4098,
-8664,
-10577,
-9464,
-6223,
-2313,
1133,
3832,
6092,
8033,
9051,
8130,
4712,
-582,
-6051,
-9737,
-10468,
-8401,
-4738,
-919,
2228,
4718,
6882,
8568,
8962,
7107,
2839,
-2745,
-7730,
-10360,
-9948,
-7105,
-3242,
363,
3223,
5564,
7598,
8916,
8538,
5731,
779,
-4807,
-9052,
-10537,
-9074,
-5676,
-1802,
1524,
4152,
6374,
8222,
9015,
7756,
4039,
-1362,
-6660,
-9966,
-10276,
-7926,
-4190,
-454,
2581,
5016,
7132,
8694,
8815,
6610,
2098,
-3493,
-8212,
-10427,
-9628,
-6581,
-2716,
782,
3552,
5853,
7818,
8952,
8265,
5119,
3,
-5481,
-9385,
-10441,
-8654,
-5135,
-1309,
1908,
4457,
6638,
8391,
8945,
7356,
3336,
-2138,
-7225,
-10133,
-10041,
-7432,
-3656,
-3,
2933,
5314,
7375,
8785,
8617,
6080,
1343,
-4213,
-8637,
-10434,
-9270,
-6051,
-2209,
1189,
3876,
6129,
8022,
8957,
7940,
4480,
-771,
-6112,
-9659,
-10295,
-8205,
-4593,
-838,
2269,
4758,
6904,
8531,
8829,
6896,
2619,
-2890,
-7738,
-10244,
-9766,
-6933,
-3122,
427,
3265,
5601,
7606,
8847,
8379,
5505,
579,
-4902,
-9013,
-10386,
-8885,
-5521,
-1709,
1578,
4186,
6402,
8203,
8911,
7566,
3808,
-1537,
-6711,
-9869,
-10105,
-7741,
-4058,
-375,
2629,
5058,
7150,
8647,
8670,
6400,
1878,
-3617,
-8205,
-10294,
-9447,
-6411,
-2613,
843,
3591,
5886,
7814,
8878,
8086,
4903,
-190,
-5551,
-9338,
-10268,
-8495,
-4775,
-745,
2131,
4204,
5766,
6837,
6769,
5090,
1927,
-1837,
-4904,
-6376,
-6100,
-4490,
-2286,
-74,
1779,
3189,
4099,
4326,
3711,
2257,
226,
-1848,
-3377,
-3941,
-3538,
-2444,
-1034,
348,
1503,
2346,
2775,
2693,
2029,
922,
-376,
-1533,
-2262,
-2421,
-2051,
-1312,
-411,
481,
1207,
1678,
1820,
1602,
1063,
299,
-501,
-1152,
-1515,
-1506,
-1197,
-685,
-88,
472,
909,
1157,
1173,
952,
539,
24,
-476,
-841,
-1010,
-954,
-707,
-346,
50,
410,
671,
797,
760,
571,
272,
-82,
-400,
-616,
-689,
-612,
-423,
-172,
99,
336,
496,
563,
508,
356,
127,
-114,
-326,
-461,
-486,
-410,
-262,
-75,
114,
276,
386,
415,
361,
236,
61,
-124,
-273,
-358,
-363,
-291,
-173,
-26,
119,
236,
308,
323,
265,
154,
11,
-131,
-237,
-291,
-281,
-218,
-111,
3,
119,
210,
266,
265,
210,
108,
-19,
-136,
-220,
-251,
-229,
-165,
-79,
28,
121,
198,
240,
230,
167,
66,
-45,
-151,
-210,
-225,
-193,
-131,
-46,
48,
132,
195,
220,
198,
129,
35,
-73,
-155,
-208,
-205,
-169,
-97,
-19,
67,
145,
198,
214,
171,
94,
-4,
-97,
-172,
-197,
-188,
-141,
-72,
10,
88,
160,
199,
195,
148,
61,
-36,
-119,
-176,
-194,
-168,
-115,
-42,
37,
119,
174,
199,
179,
118,
28,
-70,
-145,
-184,
-185,
-151,
-89,
-18,
62,
137,
179,
197,
160,
86,
-7,
-95,
-159,
-187,
-178,
-131,
-62,
18,
94,
157,
190,
183,
139,
52,
-45,
-123,
-175,
-184,
-158,
-104,
-36,
44,
113,
170,
187,
169,
104,
16,
-76,
-143,
-184,
-181,
-142,
-79,
-6,
71,
139,
181,
187,
149,
73,
-18,
-106,
-164,
-182,
-165,
-116,
-55,
24,
99,
158,
189,
178,
122,
40,
-48,
-126,
-176,
-177,
-153,
-94,
-26,
50,
119,
171,
187,
163,
93,
4,
-81,
-153,
-180,
-166,
-131,
-68,
2,
79,
146,
188,
180,
140,
62,
-31,
-108,
-166,
-180,
-164,
-112,
-42,
34,
108,
166,
186,
168,
111,
22,
-62,
-134,
-177,
-175,
-144,
-87,
-16,
60,
128,
174,
185,
152,
80,
-6,
-94,
-153,
-180,
-167,
-131,
-59,
16,
89,
152,
185,
177,
128,
48,
-43,
-116,
-166,
-179,
-153,
-98,
-33,
45,
118,
170,
188,
164,
101,
13,
-76,
-142,
-178,
-173,
-137,
-76,
-4,
69,
135,
181,
180,
145,
67,
-21,
-104,
-157,
-176,
-165,
-117,
-49,
26,
98,
157,
186,
170,
120,
39,
-55,
-127,
-171,
-174,
-147,
-95,
-22,
50,
123,
172,
184,
152,
88,
-2,
-84,
-148,
-177,
-166,
-124,
-66,
0,
63,
117,
146,
139,
107,
49,
-8,
-64,
-95,
-110,
-97,
-70,
-29,
14,
52,
76,
86,
77,
53,
15,
-18,
-47,
-64,
-68,
-54,
-32,
-5,
19,
43,
55,
50,
41,
26,
0,
-16,
-34,
-42,
-41,
-30,
-11,
5,
21,
27,
33,
28,
23,
9,
-3,
-16,
-23,
-23,
-22,
-15,
-3,
7,
16,
19,
21,
17,
11,
4,
-4,
-15,
-15,
-15,
-11,
-8,
-1,
5,
12,
13,
10,
5,
3,
0,
-6,
-4,
-8,
-4,
-6,
-2,
-3,
4,
6,
5,
10,
3,
2,
-2,
-6,
-8,
-4,
-4,
-4,
0,
0,
2,
5,
2,
3,
3,
1,
-2,
-4,
-6,
-2,
-3,
-1,
0,
2,
0,
4,
0,
1,
0,
0,
0,
-4,
-1,
0,
-2,
-1,
0,
0,
0,
-1,
2,
0,
0,
0,
0,
-5,
0,
2,
-3,
0,
0,
1,
-1,
0,
0,
1,
-1,
17,
100,
117,
64,
-24,
-110,
-172,
-196,
-155,
-83,
0,
83,
133,
157,
151,
142,
112,
49,
-43,
-141,
-209,
-209,
-154,
-57,
29,
94,
129,
142,
142,
126,
86,
12,
-80,
-156,
-197,
-172,
-106,
-12,
61,
110,
126,
132,
120,
107,
62,
-15,
-110,
-172,
-190,
-150,
-70,
15,
77,
113,
124,
130,
118,
91,
30,
-51,
-139,
-182,
-186,
-120,
-41,
47,
94,
121,
124,
130,
108,
74,
1,
-88,
-162,
-188,
-170,
-89,
-8,
72,
103,
131,
126,
129,
101,
58,
-34,
-115,
-189,
-187,
-145,
-55,
20,
91,
113,
135,
128,
127,
85,
32,
-70,
-143,
-204,
-176,
-125,
-19,
43,
107,
124,
142,
126,
123,
65,
0,
-110,
-163,
-203,
-148,
-92,
13,
67,
123,
120,
141,
117,
108,
33,
-33,
-136,
-181,
-200,
-125,
-57,
42,
85,
134,
124,
143,
109,
94,
-1,
-64,
-172,
-187,
-188,
-94,
-29,
75,
97,
140,
120,
145,
93,
71,
-35,
-98,
-190,
-176,
-168,
-57,
-1,
99,
101,
146,
113,
140,
76,
45,
-71,
-127,
-205,
-164,
-143,
-21,
24,
118,
105,
154,
111,
130,
52,
20,
-109,
-144,
-213,
-146,
-116,
17,
43,
137,
106,
157,
104,
126,
25,
-11,
-147,
-154,
-215,
-111,
-87,
53,
59,
149,
104,
161,
91,
115,
-12,
-39,
-181,
-160,
-212,
-78,
-55,
86,
69,
156,
95,
165,
72,
102,
-54,
-61,
-211,
-148,
-198,
-35,
-34,
123,
66,
177,
81,
173,
44,
91,
-103,
-74,
-245,
-122,
-190,
20,
-30,
168,
45,
210,
48,
202,
-14,
102,
-186,
-47,
-307,
-37,
-239,
143,
-106,
300,
-93,
392,
-187,
496,
-468,
731,
-1442,
5793,
2530,
-9734,
15644,
-2126,
-8150,
14718,
-7005,
-5070,
12906,
-9606,
-1656,
9542,
-11482,
1321,
7297,
-12917,
4725,
4848,
-13040,
8030,
1944,
-12052,
10251,
-1907,
-9416,
11161,
-5724,
-6279,
11076,
-8602,
-2390,
10366,
-10430,
1066,
8739,
-11441,
4330,
6051,
-11694,
7047,
2650,
-10927,
9492,
-805,
-8917,
11256,
-3988,
-6264,
11741,
-6961,
-3176,
10945,
-9385,
15,
9053,
-10970,
3521,
6761,
-11292,
6843,
3875,
-10770,
9365,
510,
-9380,
10836,
-3091,
-7232,
11309,
-6275,
-4125,
11127,
-8633,
-560,
9898,
-10374,
2843,
7644,
-11284,
5824,
4508,
-11268,
8320,
1201,
-9887,
10414,
-2026,
-7602,
11447,
-5215,
-4809,
11309,
-8070,
-1752,
9970,
-10225,
1557,
8024,
-11108,
5039,
5478,
-11024,
7876,
2297,
-10109,
9881,
-1250,
-8441,
10824,
-4653,
-5847,
11127,
-7299,
-2478,
10463,
-9353,
911,
8717,
-10712,
4080,
6005,
-11251,
6752,
2848,
-10542,
9174,
-262,
-8690,
10726,
-3444,
-6259,
11168,
-6461,
-3408,
10410,
-9011,
-322,
8854,
-10463,
3154,
6774,
-10836,
6238,
3943,
-10428,
8622,
619,
-9213,
10015,
-2856,
-7179,
10730,
-5735,
-4148,
10659,
-8033,
-890,
9477,
-9782,
2313,
7278,
-10789,
5117,
4380,
-10750,
7714,
1425,
-9418,
9736,
-1649,
-7405,
10712,
-4740,
-4853,
10547,
-7541,
-2034,
9427,
-9510,
1274,
7788,
-10332,
4521,
5392,
-10417,
7190,
2353,
-9674,
9012,
-1029,
-8184,
10077,
-4102,
-5612,
10534,
-6581,
-2551,
9931,
-8653,
579,
8276,
-10059,
3462,
5743,
-10623,
6143,
2970,
-9866,
8528,
70,
-8284,
9989,
-3009,
-6101,
10388,
-5941,
-3559,
9737,
-8333,
-510,
8513,
-9613,
2782,
6597,
-10134,
5641,
3910,
-9866,
7830,
725,
-8882,
9225,
-2446,
-6847,
10119,
-5058,
-4048,
10084,
-7359,
-1072,
8974,
-9112,
1828,
6892,
-10185,
4530,
4333,
-10030,
7144,
1675,
-8882,
9040,
-1302,
-7108,
9956,
-4279,
-4865,
9807,
-6970,
-2163,
8970,
-8688,
1052,
7542,
-9591,
4034,
5252,
-9781,
6499,
2370,
-9265,
8216,
-789,
-7810,
9442,
-3515,
-5369,
9948,
-5945,
-2600,
9377,
-7984,
244,
7809,
-9462,
2931,
5531,
-9909,
5638,
3108,
-9224,
7899,
329,
-7877,
9262,
-2612,
-5965,
9625,
-5472,
-3619,
9170,
-7593,
-624,
8203,
-8835,
2419,
6367,
-9459,
5064,
3834,
-9366,
7076,
819,
-8477,
8558,
-1979,
-6484,
9538,
-4469,
-3969,
9487,
-6721,
-1263,
8450,
-8514,
1380,
6533,
-9510,
4075,
4359,
-9317,
6608,
1843,
-8385,
8354,
-1000,
-6844,
9199,
-3896,
-4848,
9132,
-6344,
-2181,
8582,
-7908,
826,
7239,
-8902,
3564,
5089,
-9216,
5820,
2324,
-8836,
7519,
-485,
-7361,
8867,
-2984,
-5148,
9331,
-5370,
-2655,
8806,
-7396,
-88,
7329,
-8845,
2510,
5403,
-9171,
5189,
3197,
-8636,
7266,
534,
-7494,
8541,
-2306,
-5846,
8884,
-4978,
-3572,
8694,
-6855,
-702,
7844,
-8137,
2055,
6115,
-8837,
4491,
3697,
-8884,
6423,
992,
-7987,
7991,
-1481,
-6058,
8950,
-3968,
-3877,
8931,
-6153,
-1495,
7863,
-7952,
1004,
6199,
-8846,
3681,
4341,
-8702,
5989,
1916,
-7923,
7644,
-824,
-6644,
8449,
-3538,
-4800,
8534,
-5679,
-2130,
8160,
-7243,
593,
6930,
-8264,
3074,
4872,
-8675,
5177,
2282,
-8348,
6973,
-125,
-6916,
8285,
-2513,
-4922,
8716,
-4873,
-2699,
8251,
-6867,
-406,
6902,
-8148,
2230,
5287,
-8460,
4768,
3238,
-8111,
6635,
704,
-7125,
7809,
-2074,
-5695,
8272,
-4430,
-3470,
8250,
-6143,
-788,
7437,
-7517,
1729,
5856,
-8297,
3889,
3535,
-8383,
5802,
1113,
-7461,
7484,
-1139,
-5838,
8299,
-3490,
-3809,
8265,
-5703,
-1653,
7379,
-7375,
724,
6029,
-8032,
3374,
4272,
-8075,
5526,
2020,
-7508,
6977,
-590,
-6380,
7733,
-3167,
-4569,
8112,
-5051,
-2141,
7744,
-6570,
366,
6521,
-7699,
2657,
4625,
-8236,
4570,
2339,
-7755,
6447,
126,
-6475,
7732,
-2173,
-4820,
8069,
-4410,
-2785,
7607,
-6365,
-535,
6632,
-7469,
1936,
5150,
-7829,
4234,
3103,
-7663,
6022,
758,
-6869,
7145,
-1685,
-5352,
7764,
-3887,
-3305,
7775,
-5654,
-1029,
6957,
-6966,
1324,
5459,
-7754,
3505,
3552,
-7762,
5376,
1368,
-6964,
6834,
-973,
-5632,
7644,
-3192,
-3849,
7662,
-5143,
-1667,
7024,
-6644,
663,
5849,
-7463,
2889,
4088,
-7594,
4876,
1922,
-7129,
6403,
-348,
-6016,
7290,
-2568,
-4276,
7571,
-4598,
-2200,
7204,
-6151,
12,
6112,
-7146,
2270,
4465,
-7540,
4310,
2502,
-7220,
5907,
298,
-6203,
6997,
-1975,
-4690,
7472,
-4007,
-2785,
7203,
-5657,
-569,
6312,
-6840,
1672,
4912,
-7369,
3693,
3028,
-7195,
5421,
842,
-6436,
6667,
-1342,
-5095,
7252,
-3395,
-3237,
7192,
-5191,
-1139,
6541,
-6470,
1013,
5239,
-7127,
3114,
3464,
-7201,
4941,
1445,
-6605,
6247,
-709,
-5374,
7016,
-2850,
-3700,
7182,
-4662,
-1735,
6641,
-6028,
441,
5507,
-6906,
2559,
3942,
-7130,
4376,
1989,
-6666,
5828,
-164,
-5658,
6786,
-2242,
-4152,
7050,
-4096,
-2222,
6701,
-5638,
-120,
5796,
-6617,
1926,
4331,
-6969,
3845,
2452,
-6737,
5420,
430,
-5908,
6440,
-1635,
-4488,
6894,
-3596,
-2706,
6771,
-5179,
-722,
5979,
-6256,
1365,
4647,
-6827,
3326,
2959,
-6765,
4913,
990,
-6043,
6093,
-1104,
-4819,
6746,
-3033,
-3198,
6728,
-4670,
-1229,
6101,
-5930,
817,
4994,
-6633,
2735,
3399,
-6678,
4435,
1471,
-6183,
5757,
-522,
-5138,
6486,
-2453,
-3577,
6643,
-4217,
-1725,
6251,
-5550,
223,
5248,
-6347,
2198,
3753,
-6616,
3972,
1994,
-6291,
5322,
42,
-5334,
6205,
-1945,
-3948,
6575,
-3704,
-2245,
6288,
-5095,
-290,
5433,
-6088,
1677,
4142,
-6501,
3425,
2467,
-6284,
4897,
528,
-5534,
5943,
-1387,
-4324,
6404,
-3165,
-2660,
6271,
-4697,
-794,
5640,
-5785,
1104,
4459,
-6283,
2913,
2870,
-6300,
4524,
1009,
-5622,
5122,
-668,
-2966,
3301,
-1193,
-1074,
1792,
-850,
-454,
1027,
-686,
-82,
729,
-742,
152,
513,
-674,
291,
213,
-376,
230,
-49,
-75,
156,
-130,
21,
55,
-50,
21,
31,
-43,
-21,
77,
-27,
-65,
65,
1,
-16,
-16,
1,
48,
-34,
-32,
40,
-4,
-4,
-12,
-5,
7,
7,
0,
-26,
-4,
35,
-4,
-26,
-4,
34,
1,
-34,
-3,
26,
3,
-24,
-10,
21,
4,
-6,
-16,
2,
18,
0,
-23,
-5,
16,
12,
-20,
-14,
19,
18,
-22,
-20,
11,
21,
-11,
-15,
0,
20,
-1,
-13,
-5,
21,
10,
-12,
-16,
18,
19,
-8,
-21,
9,
19,
2,
-22,
2,
19,
7,
-19,
-11,
19,
18,
-17,
-15,
6,
17,
-5,
-20,
1,
21,
1,
-20,
-11,
19,
8,
-16,
-18,
14,
14,
-13,
-17,
6,
21,
-4,
-19,
-1,
19,
6,
-19,
-10,
15,
17,
-16,
-18,
11,
23,
-6,
-18,
0,
22,
1,
-19,
-8,
18,
6,
-16,
-13,
10,
19,
-11,
-20,
6,
20,
1,
-21,
-2,
20,
6,
-17,
-11,
17,
16,
-14,
-18,
7,
20,
-5,
-21,
-1,
19,
2,
-16,
-9,
17,
10,
-13,
-15,
15,
17,
-8,
-20,
1,
24,
0,
-17,
-1,
20,
4,
-19,
-8,
17,
15,
-11,
-15,
9,
18,
-7,
-17,
1,
20,
1,
-17,
-9,
15,
10,
-13,
-17,
13,
16,
-7,
-22,
6,
20,
0,
-19,
-5,
17,
8,
-16,
-10,
13,
13,
-12,
-16,
9,
16,
-5,
-18,
0,
17,
2,
-22,
-10,
20,
10,
-13,
-16,
13,
15,
-11,
-18,
3,
21,
0,
-19,
-4,
22,
7,
-17,
-13,
14,
15,
-10,
-16,
7,
20,
-4,
-19,
0,
20,
2,
-18,
-10,
12,
10,
-17,
-13,
7,
17,
-7,
-20,
2,
16,
-3,
-25,
1,
21,
12,
-18,
-12,
13,
14,
-14,
-20,
6,
20,
0,
-18,
1,
18,
2,
-19,
-6,
16,
7,
-12,
-15,
9,
17,
-4,
-19,
0,
19,
0,
-22,
-6,
17,
7,
-15,
-7,
14,
16,
-12,
-17,
6,
18,
-7,
-16,
0,
17,
5,
-19,
-7,
11,
9,
-12,
-12,
10,
18,
-8,
-17,
3,
23,
2,
-19,
-4,
19,
7,
-16,
-14,
14,
17,
-6,
-20,
8,
17,
-6,
-16,
-4,
17,
2,
-13,
-6,
17,
11,
-12,
-14,
5,
15,
-4,
-17,
2,
19,
1,
-19,
-4,
15,
7,
-16,
-6,
10,
15,
-7,
-13,
6,
13,
0,
-17,
1,
14,
7,
-19,
-9,
15,
9,
-11,
-12,
6,
14,
-2,
-5,
-3,
9,
1,
-2,
-4,
7,
6,
-1,
0,
0,
2,
-4,
3,
2,
2,
0,
-1,
-1,
4,
1,
-1,
0,
3,
1,
1,
-1,
0,
0,
2,
0,
-2,
-1,
-2,
0,
0,
0,
-1,
1,
-2,
0,
2,
0,
-1,
-4,
1,
0,
1,
2,
0,
2,
2,
0,
1,
0,
-2,
-1,
-3,
1,
0,
-3,
-3,
-4,
-2,
-1,
-1,
1,
0,
0,
0,
3,
0,
1,
3,
3,
-3,
-4,
-7,
3,
1,
4,
4,
0,
0,
1,
-2,
3,
1,
0,
3,
0,
0,
0,
0,
0,
1,
1,
-1,
-1,
-1,
0,
0,
1,
4,
5,
0,
1,
-1,
0,
-1,
0,
2,
1,
-3,
0,
0,
2,
-1,
0,
-2,
4,
0,
0,
1,
0,
-1,
0,
0,
1,
0,
-2,
0,
5,
-6,
0,
-2,
6,
-15,
77,
74,
-232,
76,
230,
-196,
-159,
242,
-13,
-291,
148,
197,
-287,
-55,
312,
-104,
-250,
236,
134,
-302,
48,
303,
-188,
-183,
295,
38,
-301,
125,
237,
-250,
-102,
313,
-57,
-276,
204,
160,
-287,
-8,
283,
-150,
-205,
258,
65,
-292,
84,
240,
-218,
-117,
281,
-32,
-263,
175,
163,
-263,
-26,
272,
-127,
-203,
241,
74,
-279,
76,
234,
-203,
-125,
273,
-25,
-260,
168,
164,
-257,
-29,
275,
-118,
-206,
235,
83,
-282,
71,
245,
-200,
-134,
273,
-18,
-266,
164,
181,
-259,
-41,
276,
-108,
-220,
227,
95,
-284,
56,
254,
-196,
-143,
276,
-3,
-273,
147,
191,
-251,
-58,
279,
-97,
-229,
223,
107,
-281,
42,
257,
-183,
-155,
269,
15,
-272,
134,
198,
-240,
-68,
280,
-83,
-234,
210,
123,
-276,
26,
257,
-172,
-166,
262,
25,
-271,
122,
207,
-233,
-75,
278,
-71,
-235,
200,
130,
-266,
18,
262,
-158,
-178,
252,
42,
-270,
110,
215,
-227,
-91,
279,
-57,
-243,
189,
140,
-265,
5,
262,
-144,
-184,
242,
51,
-272,
100,
218,
-214,
-101,
271,
-43,
-250,
180,
150,
-264,
-10,
266,
-136,
-191,
240,
61,
-267,
82,
226,
-207,
-115,
267,
-31,
-247,
167,
160,
-252,
-21,
270,
-120,
-199,
229,
76,
-271,
75,
232,
-194,
-124,
261,
-21,
-255,
153,
166,
-245,
-31,
263,
-106,
-209,
219,
84,
-271,
59,
238,
-187,
-133,
256,
-5,
-254,
143,
176,
-240,
-46,
264,
-96,
-208,
209,
96,
-266,
46,
236,
-172,
-142,
254,
8,
-258,
129,
185,
-232,
-59,
264,
-85,
-217,
203,
103,
-259,
35,
246,
-164,
-154,
249,
18,
-257,
122,
192,
-224,
-70,
259,
-71,
-223,
194,
117,
-259,
18,
246,
-153,
-163,
243,
32,
-258,
106,
199,
-215,
-78,
264,
-62,
-223,
183,
128,
-255,
8,
247,
-146,
-171,
234,
43,
-260,
96,
207,
-210,
-90,
259,
-52,
-234,
175,
135,
-251,
-2,
250,
-129,
-178,
225,
55,
-252,
86,
208,
-200,
-101,
255,
-36,
-233,
159,
145,
-240,
-17,
251,
-121,
-186,
222,
63,
-253,
72,
218,
-187,
-114,
251,
-22,
-236,
152,
157,
-236,
-27,
253,
-106,
-188,
213,
80,
-254,
57,
224,
-181,
-122,
248,
-14,
-240,
141,
165,
-233,
-38,
255,
-95,
-197,
202,
87,
-248,
47,
223,
-169,
-131,
244,
2,
-240,
129,
168,
-225,
-47,
248,
-87,
-208,
199,
91,
-253,
38,
230,
-165,
-139,
240,
11,
-245,
122,
178,
-218,
-60,
247,
-70,
-208,
189,
109,
-245,
27,
231,
-153,
-147,
232,
21,
-248,
108,
181,
-210,
-69,
251,
-60,
-212,
178,
117,
-243,
14,
235,
-144,
-159,
226,
35,
-244,
96,
191,
-203,
-82,
243,
-52,
-217,
170,
125,
-238,
2,
234,
-133,
-165,
216,
46,
-243,
87,
194,
-196,
-92,
243,
-40,
-221,
163,
135,
-234,
-12,
238,
-123,
-173,
215,
54,
-244,
78,
201,
-189,
-105,
242,
-26,
-227,
147,
143,
-226,
-22,
241,
-112,
-179,
204,
66,
-244,
62,
208,
-177,
-112,
238,
-17,
-231,
142,
156,
-220,
-32,
239,
-95,
-187,
197,
79,
-239,
49,
215,
-164,
-120,
233,
-5,
-229,
132,
158,
-213,
-41,
241,
-87,
-191,
192,
89,
-241,
41,
217,
-154,
-126,
227,
9,
-230,
120,
167,
-208,
-53,
238,
-74,
-196,
186,
97,
-237,
29,
221,
-146,
-137,
226,
20,
-234,
107,
175,
-203,
-61,
236,
-61,
-205,
176,
106,
-236,
18,
224,
-140,
-144,
217,
28,
-235,
98,
178,
-196,
-74,
236,
-55,
-208,
166,
117,
-226,
7,
219,
-125,
-158,
210,
38,
-231,
86,
185,
-189,
-82,
234,
-42,
-214,
155,
126,
-227,
-5,
226,
-118,
-160,
208,
48,
-232,
75,
187,
-183,
-92,
229,
-30,
-214,
148,
133,
-218,
-11,
229,
-110,
-168,
203,
60,
-233,
67,
196,
-173,
-103,
225,
-24,
-218,
138,
141,
-213,
-23,
228,
-100,
-175,
195,
70,
-231,
58,
200,
-165,
-112,
225,
-11,
-222,
128,
151,
-209,
-36,
228,
-94,
-183,
185,
77,
-228,
48,
204,
-153,
-119,
216,
2,
-220,
121,
158,
-202,
-46,
228,
-80,
-186,
179,
90,
-227,
32,
204,
-149,
-127,
218,
8,
-222,
107,
161,
-199,
-54,
226,
-66,
-187,
169,
99,
-226,
22,
212,
-139,
-136,
219,
63,
-131,
236,
338,
-38,
34,
244,
-129,
-349,
-37,
-108,
-410,
-119,
162,
-103,
-36,
379,
227,
-48,
198,
187,
-271,
-244,
15,
-258,
-373,
35,
75,
-177,
109,
376,
45,
-18,
261,
16,
-332,
-87,
-2,
-341,
-205,
167,
-22,
-112,
292,
305,
-32,
117,
266,
-148,
-268,
38,
-109,
-355,
-11,
167,
-111,
31,
392,
171,
-41,
244,
154,
-274,
-149,
60,
-249,
-281,
130,
75,
-139,
203,
375,
26,
43,
288,
-32,
-311,
-24,
-31,
-352,
-132,
176,
-57,
-70,
339,
260,
-48,
161,
230,
-207,
-244,
44,
-173,
-351,
32,
125,
-145,
82,
387,
103,
-24,
259,
77,
-303,
-112,
22,
-309,
-244,
143,
15,
-132,
252,
329,
-13,
78,
271,
-105,
-295,
2,
-81,
-365,
-73,
132,
-71,
19,
283,
194,
51,
139,
85,
-131,
-163,
-112,
-175,
-181,
-60,
18,
30,
115,
196,
176,
119,
82,
-1,
-105,
-159,
-162,
-157,
-129,
-50,
26,
83,
139,
184,
170,
112,
36,
-42,
-122,
-169,
-167,
-137,
-95,
-31,
51,
115,
162,
177,
157,
90,
0,
-74,
-136,
-169,
-162,
-125,
-67,
-8,
74,
131,
167,
170,
136,
61,
-29,
-104,
-148,
-168,
-147,
-104,
-47,
27,
95,
148,
172,
156,
109,
29,
-55,
-121,
-158,
-165,
-137,
-81,
-15,
52,
120,
163,
171,
145,
80,
-2,
-86,
-138,
-163,
-150,
-115,
-58,
8,
76,
134,
168,
168,
121,
46,
-37,
-109,
-152,
-167,
-142,
-91,
-34,
36,
101,
152,
168,
149,
93,
15,
-67,
-130,
-161,
-157,
-127,
-73,
-5,
56,
123,
159,
169,
131,
64,
-10,
-94,
-140,
-160,
-146,
-104,
-48,
19,
84,
136,
166,
159,
109,
38,
-44,
-113,
-153,
-158,
-128,
-85,
-23,
47,
105,
153,
169,
143,
80,
2,
-74,
-131,
-156,
-148,
-116,
-66,
3,
70,
125,
161,
162,
120,
52,
-27,
-100,
-143,
-159,
-132,
-98,
-36,
31,
89,
141,
165,
147,
100,
24,
-54,
-118,
-150,
-153,
-125,
-74,
-14,
55,
114,
154,
162,
132,
76,
-4,
-84,
-133,
-155,
-143,
-102,
-50,
10,
77,
128,
159,
151,
112,
46,
-35,
-102,
-141,
-152,
-128,
-83,
-27,
33,
98,
142,
158,
137,
82,
12,
-61,
-122,
-146,
-141,
-114,
-65,
-7,
60,
114,
150,
154,
120,
58,
-17,
-87,
-129,
-153,
-136,
-94,
-42,
20,
81,
130,
157,
141,
99,
33,
-44,
-110,
-146,
-147,
-122,
-73,
-22,
45,
106,
143,
153,
128,
75,
-1,
-73,
-124,
-145,
-138,
-105,
-57,
3,
70,
119,
151,
148,
113,
46,
-25,
-93,
-137,
-148,
-126,
-87,
-33,
28,
90,
130,
154,
136,
87,
17,
-50,
-108,
-141,
-139,
-113,
-61,
-13,
48,
108,
140,
147,
126,
62,
-7,
-78,
-125,
-142,
-136,
-96,
-45,
13,
77,
121,
145,
140,
103,
37,
-39,
-98,
-140,
-142,
-121,
-79,
-24,
35,
92,
134,
150,
129,
76,
9,
-64,
-111,
-140,
-135,
-105,
-59,
0,
58,
108,
142,
145,
109,
50,
-19,
-82,
-124,
-139,
-129,
-87,
-39,
23,
78,
128,
148,
132,
94,
24,
-44,
-98,
-133,
-134,
-111,
-72,
-14,
41,
96,
132,
147,
121,
62,
-3,
-70,
-113,
-136,
-127,
-95,
-53,
4,
67,
114,
136,
140,
104,
37,
-28,
-88,
-129,
-137,
-118,
-82,
-26,
27,
84,
125,
140,
126,
75,
14,
-51,
-102,
-128,
-132,
-107,
-61,
-7,
50,
101,
132,
136,
115,
57,
-14,
-71,
-119,
-136,
-124,
-87,
-42,
13,
71,
117,
137,
136,
92,
32,
-33,
-93,
-123,
-133,
-112,
-74,
-23,
36,
88,
127,
135,
119,
73,
9,
-55,
-107,
-127,
-124,
-94,
-57,
2,
52,
102,
129,
133,
103,
45,
-19,
-79,
-117,
-127,
-114,
-81,
-34,
23,
75,
114,
134,
124,
85,
23,
-42,
-92,
-124,
-125,
-103,
-62,
-14,
39,
89,
125,
134,
114,
60,
-1,
-65,
-109,
-126,
-118,
-89,
-47,
7,
62,
107,
133,
125,
94,
37,
-31,
-80,
-117,
-124,
-109,
-72,
-27,
28,
80,
117,
133,
113,
74,
11,
-48,
-98,
-124,
-117,
-101,
-55,
-7,
50,
96,
126,
126,
101,
51,
-12,
-69,
-108,
-126,
-116,
-82,
-39,
16,
67,
108,
128,
119,
83,
24,
-36,
-86,
-120,
-123,
-105,
-69,
-15,
36,
82,
119,
126,
109,
63,
1,
-57,
-100,
-122,
-117,
-88,
-48,
1,
51,
98,
123,
122,
95,
42,
-21,
-72,
-112,
-117,
-108,
-73,
-29,
22,
68,
111,
127,
112,
71,
19,
-40,
-91,
-118,
-119,
-96,
-58,
-9,
38,
88,
120,
122,
101,
53,
-2,
-62,
-102,
-119,
-113,
-81,
-43,
10,
55,
96,
125,
120,
86,
33,
-27,
-77,
-108,
-119,
-100,
-64,
-24,
25,
75,
111,
122,
105,
69,
10,
-48,
-90,
-117,
-110,
-91,
-48,
0,
49,
88,
120,
119,
94,
42,
-10,
-65,
-100,
-114,
-101,
-74,
-32,
14,
63,
105,
120,
113,
73,
23,
-33,
-84,
-112,
-113,
-94,
-58,
-16,
32,
80,
109,
117,
101,
58,
1,
-56,
-93,
-108,
-107,
-77,
-43,
0,
41,
75,
91,
88,
67,
37,
-5,
-42,
-61,
-68,
-64,
-44,
-19,
6,
32,
54,
56,
49,
33,
9,
-8,
-30,
-38,
-41,
-36,
-21,
-3,
10,
24,
35,
31,
26,
12,
2,
-13,
-23,
-24,
-27,
-20,
-8,
0,
10,
20,
21,
16,
17,
8,
-1,
-6,
-12,
-14,
-16,
-8,
-3,
2,
5,
14,
11,
11,
6,