0 ,
0 ,
0 ,
0 ,
0 ,
0 ,
0 ,
0 ,
0 ,
0 ,
0 ,
0 ,
0 ,
0 ,
0 ,
0 ,
0 ,
0 ,
0 ,
0 ,
0 ,
0 ,
0 ,
0 ,
0 ,
0 ,
0 ,
0 ,
0 ,
0 ,
0 ,
0 ,
0 ,
0 ,
0 ,
0 ,
0 ,
0 ,
0 ,
0 ,
0 ,
0 ,
0 ,
0 ,
0 ,
0 ,
0 ,
0 ,
0 ,
0 ,
0 ,
0 ,
0 ,
0 ,
0 ,
0 ,
0 ,
0 ,
0 ,
0 ,
0 ,
0 ,
0 ,
0 ,
0 ,
0 ,
0 ,
0 ,
0 ,
0 ,
0 ,
0 ,
0 ,
0 ,
0 ,
0 ,
0 ,
0 ,
0 ,
0 ,
0 ,
0 ,
0 ,
0 ,
0 ,
0 ,
0 ,
0 ,
0 ,
0 ,
0 ,
0 ,
0 ,
0 ,
0 ,
0 ,
0 ,
0 ,
0 ,
0 ,
0 ,
0 ,
0 ,
0 ,
0 ,
0 ,
0 ,
0 ,
0 ,
0 ,
0 ,
0 ,
0 ,
0 ,
0 ,
0 ,
0 ,
0 ,
0 ,
0 ,
0 ,
0 ,
0 ,
0 ,
0 ,
0 ,
0 ,
0 ,
0 ,
0 ,
0 ,
0 ,
0 ,
0 ,
0 ,
0 ,
0 ,
0 ,
0 ,
0 ,
0 ,
0 ,
0 ,
0 ,
0 ,
0 ,
0 ,
0 ,
0 ,
0 ,
0 ,
0 ,
0 ,
0 ,
0 ,
0 ,
0 ,
0 ,
0 ,
0 ,
0 ,
0 ,
0 ,
0 ,
0 ,
0 ,
0 ,
0 ,
0 ,
0 ,
0 ,
0 ,
0 ,
0 ,
0 ,
0 ,
0 ,
0 ,
0 ,
0 ,
0 ,
0 ,
0 ,
0 ,
0 ,
0 ,
0 ,
0 ,
0 ,
0 ,
0 ,
0 ,
0 ,
0 ,
0 ,
0 ,
0 ,
0 ,
0 ,
0 ,
0 ,
0 ,
0 ,
0 ,
0 ,
0 ,
0 ,
0 ,
0 ,
0 ,
0 ,
0 ,
0 ,
0 ,
0 ,
0 ,
0 ,
0 ,
0 ,
0 ,
0 ,
0 ,
0 ,
0 ,
0 ,
0 ,
0 ,
0 ,
0 ,
0 ,
0 ,
0 ,
0 ,
0 ,
0 ,
0 ,
0 ,
0 ,
0 ,
0 ,
0 ,
0 ,
0 ,
0 ,
0 ,
0 ,
0 ,
0 ,
0 ,
0 ,
0 ,
0 ,
0 ,
0 ,
0 ,
0 ,
0 ,
0 ,
0 ,
0 ,
0 ,
0 ,
0 ,
0 ,
0 ,
0 ,
0 ,
0 ,
0 ,
0 ,
0 ,
0 ,
0 ,
0 ,
0 ,
0 ,
0 ,
0 ,
0 ,
0 ,
0 ,
0 ,
0 ,
0 ,
0 ,
0 ,
0 ,
0 ,
0 ,
0 ,
0 ,
0 ,
0 ,
0 ,
0 ,
0 ,
0 ,
0 ,
0 ,
0 ,
0 ,
0 ,
0 ,
0 ,
0 ,
0 ,
0 ,
0 ,
0 ,
0 ,
0 ,
0 ,
0 ,
0 ,
0 ,
0 ,
0 ,
0 ,
0 ,
0 ,
0 ,
0 ,
0 ,
0 ,
0 ,
0 ,
0 ,
0 ,
0 ,
0 ,
0 ,
0 ,
0 ,
0 ,
0 ,
0 ,
0 ,
0 ,
0 ,
0 ,
0 ,
0 ,
0 ,
0 ,
0 ,
0 ,
0 ,
0 ,
0 ,
0 ,
0 ,
0 ,
0 ,
0 ,
0 ,
0 ,
0 ,
0 ,
0 ,
0 ,
0 ,
0 ,
0 ,
0 ,
0 ,
0 ,
0 ,
0 ,
0 ,
0 ,
0 ,
0 ,
0 ,
0 ,
0 ,
0 ,
0 ,
0 ,
0 ,
0 ,
0 ,
0 ,
0 ,
0 ,
0 ,
0 ,
0 ,
0 ,
0 ,
0 ,
0 ,
0 ,
0 ,
0 ,
0 ,
0 ,
0 ,
0 ,
0 ,
0 ,
0 ,
0 ,
0 ,
0 ,
0 ,
0 ,
0 ,
0 ,
0 ,
0 ,
0 ,
0 ,
0 ,
0 ,
0 ,
0 ,
0 ,
0 ,
0 ,
0 ,
0 ,
0 ,
0 ,
0 ,
0 ,
0 ,
0 ,
0 ,
0 ,
0 ,
0 ,
0 ,
0 ,
0 ,
0 ,
0 ,
0 ,
0 ,
0 ,
0 ,
0 ,
0 ,
0 ,
0 ,
0 ,
0 ,
0 ,
0 ,
2368 ,
2368 ,
4736 ,
4736 ,
6464 ,
6464 ,
7744 ,
7744 ,
8128 ,
8128 ,
7872 ,
7872 ,
6912 ,
6912 ,
5184 ,
5184 ,
3136 ,
3136 ,
576 ,
576 ,
-1792 ,
-1792 ,
-4224 ,
-4224 ,
-6208 ,
-6208 ,
-7488 ,
-7488 ,
-8128 ,
-8128 ,
-8064 ,
-8064 ,
-7104 ,
-7104 ,
-5632 ,
-5632 ,
-3520 ,
-3520 ,
-1216 ,
-1216 ,
1408 ,
1408 ,
3712 ,
3712 ,
5824 ,
5824 ,
7296 ,
7296 ,
8064 ,
8064 ,
8128 ,
8128 ,
7424 ,
7424 ,
5952 ,
5952 ,
4032 ,
4032 ,
1600 ,
1600 ,
-832 ,
-832 ,
-3328 ,
-3328 ,
-5208 ,
-5208 ,
-6820 ,
-6820 ,
-7750 ,
-7750 ,
-7874 ,
-7874 ,
-7316 ,
-7316 ,
-6138 ,
-6138 ,
-4216 ,
-4216 ,
-2108 ,
-2108 ,
372 ,
372 ,
2666 ,
2666 ,
4898 ,
4898 ,
6510 ,
6510 ,
7564 ,
7564 ,
7874 ,
7874 ,
7564 ,
7564 ,
6386 ,
6386 ,
4712 ,
4712 ,
2480 ,
2480 ,
186 ,
186 ,
-2294 ,
-2294 ,
-4402 ,
-4402 ,
-6262 ,
-6262 ,
-7378 ,
-7378 ,
-7874 ,
-7874 ,
-7688 ,
-7688 ,
-6696 ,
-6696 ,
-5022 ,
-5022 ,
-3038 ,
-3038 ,
-558 ,
-558 ,
1736 ,
1736 ,
4092 ,
4092 ,
5890 ,
5890 ,
7137 ,
7137 ,
7747 ,
7747 ,
7686 ,
7686 ,
6893 ,
6893 ,
5368 ,
5368 ,
3355 ,
3355 ,
1159 ,
1159 ,
-1342 ,
-1342 ,
-3538 ,
-3538 ,
-5551 ,
-5551 ,
-6893 ,
-6893 ,
-7686 ,
-7686 ,
-7747 ,
-7747 ,
-7076 ,
-7076 ,
-5795 ,
-5795 ,
-3843 ,
-3843 ,
-1708 ,
-1708 ,
793 ,
793 ,
3172 ,
3172 ,
5124 ,
5124 ,
6710 ,
6710 ,
7564 ,
7564 ,
7747 ,
7747 ,
7259 ,
7259 ,
6039 ,
6039 ,
4331 ,
4331 ,
2074 ,
2074 ,
-183 ,
-183 ,
-2623 ,
-2623 ,
-4819 ,
-4819 ,
-6405 ,
-6405 ,
-7442 ,
-7442 ,
-7620 ,
-7620 ,
-7320 ,
-7320 ,
-6300 ,
-6300 ,
-4560 ,
-4560 ,
-2580 ,
-2580 ,
-180 ,
-180 ,
2040 ,
2040 ,
4260 ,
4260 ,
6060 ,
6060 ,
7140 ,
7140 ,
7620 ,
7620 ,
7440 ,
7440 ,
6480 ,
6480 ,
5040 ,
5040 ,
2940 ,
2940 ,
780 ,
780 ,
-1680 ,
-1680 ,
-3780 ,
-3780 ,
-5700 ,
-5700 ,
-6960 ,
-6960 ,
-7620 ,
-7620 ,
-7560 ,
-7560 ,
-6780 ,
-6780 ,
-5280 ,
-5280 ,
-3480 ,
-3480 ,
-1140 ,
-1140 ,
1140 ,
1140 ,
3480 ,
3480 ,
5280 ,
5280 ,
6780 ,
6780 ,
7560 ,
7560 ,
7620 ,
7620 ,
6728 ,
6728 ,
5510 ,
5510 ,
3654 ,
3654 ,
1624 ,
1624 ,
-754 ,
-754 ,
-2842 ,
-2842 ,
-4872 ,
-4872 ,
-6264 ,
-6264 ,
-7192 ,
-7192 ,
-7366 ,
-7366 ,
-6902 ,
-6902 ,
-5742 ,
-5742 ,
-4118 ,
-4118 ,
-1972 ,
-1972 ,
174 ,
174 ,
2494 ,
2494 ,
4408 ,
4408 ,
6090 ,
6090 ,
7076 ,
7076 ,
7366 ,
7366 ,
7076 ,
7076 ,
6090 ,
6090 ,
4582 ,
4582 ,
2494 ,
2494 ,
174 ,
174 ,
-1972 ,
-1972 ,
-4118 ,
-4118 ,
-5742 ,
-5742 ,
-6902 ,
-6902 ,
-7366 ,
-7366 ,
-7192 ,
-7192 ,
-6380 ,
-6380 ,
-4788 ,
-4788 ,
-2964 ,
-2964 ,
-741 ,
-741 ,
1596 ,
1596 ,
3591 ,
3591 ,
5415 ,
5415 ,
6612 ,
6612 ,
7239 ,
7239 ,
7182 ,
7182 ,
6441 ,
6441 ,
5187 ,
5187 ,
3306 ,
3306 ,
1254 ,
1254 ,
-1083 ,
-1083 ,
-3306 ,
-3306 ,
-5016 ,
-5016 ,
-6441 ,
-6441 ,
-7182 ,
-7182 ,
-7239 ,
-7239 ,
-6669 ,
-6669 ,
-5415 ,
-5415 ,
-3762 ,
-3762 ,
-1596 ,
-1596 ,
513 ,
513 ,
2793 ,
2793 ,
4617 ,
4617 ,
6156 ,
6156 ,
7068 ,
7068 ,
7239 ,
7239 ,
6783 ,
6783 ,
5757 ,
5757 ,
4047 ,
4047 ,
2072 ,
2072 ,
-168 ,
-168 ,
-2240 ,
-2240 ,
-4256 ,
-4256 ,
-5768 ,
-5768 ,
-6832 ,
-6832 ,
-7112 ,
-7112 ,
-6832 ,
-6832 ,
-5880 ,
-5880 ,
-4424 ,
-4424 ,
-2408 ,
-2408 ,
-336 ,
-336 ,
1904 ,
1904 ,
3808 ,
3808 ,
5544 ,
5544 ,
6608 ,
6608 ,
7112 ,
7112 ,
6944 ,
6944 ,
6160 ,
6160 ,
4704 ,
4704 ,
2912 ,
2912 ,
728 ,
728 ,
-1400 ,
-1400 ,
-3528 ,
-3528 ,
-5208 ,
-5208 ,
-6496 ,
-6496 ,
-7112 ,
-7112 ,
-7056 ,
-7056 ,
-6384 ,
-6384 ,
-5096 ,
-5096 ,
-3248 ,
-3248 ,
-1232 ,
-1232 ,
1045 ,
1045 ,
3025 ,
3025 ,
4840 ,
4840 ,
6105 ,
6105 ,
6930 ,
6930 ,
6985 ,
6985 ,
6435 ,
6435 ,
5335 ,
5335 ,
3630 ,
3630 ,
1540 ,
1540 ,
-495 ,
-495 ,
-2695 ,
-2695 ,
-4455 ,
-4455 ,
-5940 ,
-5940 ,
-6765 ,
-6765 ,
-6985 ,
-6985 ,
-6655 ,
-6655 ,
-5555 ,
-5555 ,
-4070 ,
-4070 ,
-2035 ,
-2035 ,
165 ,
165 ,
2200 ,
2200 ,
4180 ,
4180 ,
5665 ,
5665 ,
6710 ,
6710 ,
6985 ,
6985 ,
6710 ,
6710 ,
5830 ,
5830 ,
4345 ,
4345 ,
2530 ,
2530 ,
330 ,
330 ,
-1870 ,
-1870 ,
-3604 ,
-3604 ,
-5247 ,
-5247 ,
-6254 ,
-6254 ,
-6731 ,
-6731 ,
-6625 ,
-6625 ,
-5830 ,
-5830 ,
-4558 ,
-4558 ,
-2756 ,
-2756 ,
-848 ,
-848 ,
1325 ,
1325 ,
3180 ,
3180 ,
4929 ,
4929 ,
6148 ,
6148 ,
6731 ,
6731 ,
6678 ,
6678 ,
6042 ,
6042 ,
4823 ,
4823 ,
3180 ,
3180 ,
1166 ,
1166 ,
-848 ,
-848 ,
-2915 ,
-2915 ,
-4558 ,
-4558 ,
-5883 ,
-5883 ,
-6678 ,
-6678 ,
-6731 ,
-6731 ,
-6201 ,
-6201 ,
-5141 ,
-5141 ,
-3498 ,
-3498 ,
-1643 ,
-1643 ,
477 ,
477 ,
2438 ,
2438 ,
4293 ,
4293 ,
5512 ,
5512 ,
6396 ,
6396 ,
6604 ,
6604 ,
6292 ,
6292 ,
5252 ,
5252 ,
3848 ,
3848 ,
1924 ,
1924 ,
0 ,
0 ,
-2080 ,
-2080 ,
-3848 ,
-3848 ,
-5356 ,
-5356 ,
-6292 ,
-6292 ,
-6604 ,
-6604 ,
-6396 ,
-6396 ,
-5512 ,
-5512 ,
-4108 ,
-4108 ,
-2392 ,
-2392 ,
-312 ,
-312 ,
1612 ,
1612 ,
3536 ,
3536 ,
5044 ,
5044 ,
6136 ,
6136 ,
6604 ,
6604 ,
6500 ,
6500 ,
5772 ,
5772 ,
4472 ,
4472 ,
2704 ,
2704 ,
832 ,
832 ,
-1300 ,
-1300 ,
-3120 ,
-3120 ,
-4836 ,
-4836 ,
-5928 ,
-5928 ,
-6477 ,
-6477 ,
-6477 ,
-6477 ,
-5814 ,
-5814 ,
-4743 ,
-4743 ,
-3060 ,
-3060 ,
-1122 ,
-1122 ,
816 ,
816 ,
2805 ,
2805 ,
4386 ,
4386 ,
5661 ,
5661 ,
6375 ,
6375 ,
6477 ,
6477 ,
6018 ,
6018 ,
4947 ,
4947 ,
3468 ,
3468 ,
1581 ,
1581 ,
-306 ,
-306 ,
-2346 ,
-2346 ,
-4131 ,
-4131 ,
-5406 ,
-5406 ,
-6273 ,
-6273 ,
-6477 ,
-6477 ,
-6171 ,
-6171 ,
-5253 ,
-5253 ,
-3774 ,
-3774 ,
-2040 ,
-2040 ,
0 ,
0 ,
1887 ,
1887 ,
3774 ,
3774 ,
5253 ,
5253 ,
6171 ,
6171 ,
6477 ,
6477 ,
6027 ,
6027 ,
5194 ,
5194 ,
3969 ,
3969 ,
2254 ,
2254 ,
441 ,
441 ,
-1519 ,
-1519 ,
-3234 ,
-3234 ,
-4753 ,
-4753 ,
-5782 ,
-5782 ,
-6223 ,
-6223 ,
-6125 ,
-6125 ,
-5439 ,
-5439 ,
-4214 ,
-4214 ,
-2695 ,
-2695 ,
-784 ,
-784 ,
1078 ,
1078 ,
2940 ,
2940 ,
4459 ,
4459 ,
5586 ,
5586 ,
6174 ,
6174 ,
6223 ,
6223 ,
5586 ,
5586 ,
4557 ,
4557 ,
2940 ,
2940 ,
1225 ,
1225 ,
-784 ,
-784 ,
-2548 ,
-2548 ,
-4214 ,
-4214 ,
-5390 ,
-5390 ,
-6125 ,
-6125 ,
-6223 ,
-6223 ,
-5782 ,
-5782 ,
-4656 ,
-4656 ,
-3264 ,
-3264 ,
-1488 ,
-1488 ,
288 ,
288 ,
2208 ,
2208 ,
3792 ,
3792 ,
5088 ,
5088 ,
5856 ,
5856 ,
6096 ,
6096 ,
5856 ,
5856 ,
4944 ,
4944 ,
3552 ,
3552 ,
1920 ,
1920 ,
0 ,
0 ,
-1776 ,
-1776 ,
-3552 ,
-3552 ,
-4848 ,
-4848 ,
-5808 ,
-5808 ,
-6096 ,
-6096 ,
-5904 ,
-5904 ,
-5184 ,
-5184 ,
-3888 ,
-3888 ,
-2352 ,
-2352 ,
-432 ,
-432 ,
1488 ,
1488 ,
3168 ,
3168 ,
4656 ,
4656 ,
5616 ,
5616 ,
6096 ,
6096 ,
6048 ,
6048 ,
5328 ,
5328 ,
4224 ,
4224 ,
2585 ,
2585 ,
893 ,
893 ,
-1034 ,
-1034 ,
-2820 ,
-2820 ,
-4277 ,
-4277 ,
-5358 ,
-5358 ,
-5922 ,
-5922 ,
-5969 ,
-5969 ,
-5452 ,
-5452 ,
-4371 ,
-4371 ,
-2961 ,
-2961 ,
-1175 ,
-1175 ,
611 ,
611 ,
2444 ,
2444 ,
4042 ,
4042 ,
5170 ,
5170 ,
5875 ,
5875 ,
5969 ,
5969 ,
5546 ,
5546 ,
4653 ,
4653 ,
3196 ,
3196 ,
1598 ,
1598 ,
-282 ,
-282 ,
-2021 ,
-2021 ,
-3713 ,
-3713 ,
-4935 ,
-4935 ,
-5734 ,
-5734 ,
-5969 ,
-5969 ,
-5734 ,
-5734 ,
-4841 ,
-4841 ,
-3572 ,
-3572 ,
-1880 ,
-1880 ,
-138 ,
-138 ,
1702 ,
1702 ,
3266 ,
3266 ,
4646 ,
4646 ,
5474 ,
5474 ,
5842 ,
5842 ,
5658 ,
5658 ,
4968 ,
4968 ,
3726 ,
3726 ,
2254 ,
2254 ,
414 ,
414 ,
-1288 ,
-1288 ,
-3036 ,
-3036 ,
-4370 ,
-4370 ,
-5382 ,
-5382 ,
-5842 ,
-5842 ,
-5796 ,
-5796 ,
-5106 ,
-5106 ,
-4048 ,
-4048 ,
-2530 ,
-2530 ,
-874 ,
-874 ,
1012 ,
1012 ,
2668 ,
2668 ,
4186 ,
4186 ,
5198 ,
5198 ,
5796 ,
5796 ,
5842 ,
5842 ,
5336 ,
5336 ,
4370 ,
4370 ,
2898 ,
2898 ,
1150 ,
1150 ,
-598 ,
-598 ,
-2288 ,
-2288 ,
-3696 ,
-3696 ,
-4840 ,
-4840 ,
-5456 ,
-5456 ,
-5588 ,
-5588 ,
-5236 ,
-5236 ,
-4356 ,
-4356 ,
-3124 ,
-3124 ,
-1496 ,
-1496 ,
264 ,
264 ,
1892 ,
1892 ,
3476 ,
3476 ,
4620 ,
4620 ,
5368 ,
5368 ,
5588 ,
5588 ,
5368 ,
5368 ,
4620 ,
4620 ,
3344 ,
3344 ,
1892 ,
1892 ,
132 ,
132 ,
-1628 ,
-1628 ,
-3124 ,
-3124 ,
-4444 ,
-4444 ,
-5236 ,
-5236 ,
-5588 ,
-5588 ,
-5456 ,
-5456 ,
-4752 ,
-4752 ,
-3696 ,
-3696 ,
-2156 ,
-2156 ,
-572 ,
-572 ,
1232 ,
1232 ,
2904 ,
2904 ,
4085 ,
4085 ,
5031 ,
5031 ,
5461 ,
5461 ,
5418 ,
5418 ,
4859 ,
4859 ,
3784 ,
3784 ,
2494 ,
2494 ,
817 ,
817 ,
-817 ,
-817 ,
-2494 ,
-2494 ,
-3784 ,
-3784 ,
-4859 ,
-4859 ,
-5418 ,
-5418 ,
-5461 ,
-5461 ,
-4988 ,
-4988 ,
-4085 ,
-4085 ,
-2709 ,
-2709 ,
-1204 ,
-1204 ,
559 ,
559 ,
2107 ,
2107 ,
3612 ,
3612 ,
4644 ,
4644 ,
5332 ,
5332 ,
5461 ,
5461 ,
5117 ,
5117 ,
4257 ,
4257 ,
3053 ,
3053 ,
1462 ,
1462 ,
-129 ,
-129 ,
-1849 ,
-1849 ,
-3268 ,
-3268 ,
-4515 ,
-4515 ,
-5124 ,
-5124 ,
-5334 ,
-5334 ,
-5124 ,
-5124 ,
-4410 ,
-4410 ,
-3192 ,
-3192 ,
-1806 ,
-1806 ,
-126 ,
-126 ,
1428 ,
1428 ,
2982 ,
2982 ,
4158 ,
4158 ,
4998 ,
4998 ,
5334 ,
5334 ,
5208 ,
5208 ,
4620 ,
4620 ,
3528 ,
3528 ,
2058 ,
2058 ,
546 ,
546 ,
-1176 ,
-1176 ,
-2646 ,
-2646 ,
-3990 ,
-3990 ,
-4872 ,
-4872 ,
-5334 ,
-5334 ,
-5292 ,
-5292 ,
-4746 ,
-4746 ,
-3822 ,
-3822 ,
-2436 ,
-2436 ,
-798 ,
-798 ,
798 ,
798 ,
2436 ,
2436 ,
3696 ,
3696 ,
4746 ,
4746 ,
5292 ,
5292 ,
5080 ,
5080 ,
4680 ,
4680 ,
3800 ,
3800 ,
2640 ,
2640 ,
1120 ,
1120 ,
-520 ,
-520 ,
-1960 ,
-1960 ,
-3360 ,
-3360 ,
-4320 ,
-4320 ,
-4960 ,
-4960 ,
-5080 ,
-5080 ,
-4760 ,
-4760 ,
-4040 ,
-4040 ,
-2840 ,
-2840 ,
-1480 ,
-1480 ,
120 ,
120 ,
1600 ,
1600 ,
3040 ,
3040 ,
4200 ,
4200 ,
4880 ,
4880 ,
5080 ,
5080 ,
4880 ,
4880 ,
4200 ,
4200 ,
3160 ,
3160 ,
1720 ,
1720 ,
240 ,
240 ,
-1360 ,
-1360 ,
-2720 ,
-2720 ,
-3960 ,
-3960 ,
-4760 ,
-4760 ,
-5080 ,
-5080 ,
-4960 ,
-4960 ,
-4290 ,
-4290 ,
-3276 ,
-3276 ,
-2028 ,
-2028 ,
-507 ,
-507 ,
975 ,
975 ,
2457 ,
2457 ,
3627 ,
3627 ,
4524 ,
4524 ,
4953 ,
4953 ,
4914 ,
4914 ,
4407 ,
4407 ,
3549 ,
3549 ,
2262 ,
2262 ,
858 ,
858 ,
-741 ,
-741 ,
-2145 ,
-2145 ,
-3432 ,
-3432 ,
-4329 ,
-4329 ,
-4914 ,
-4914 ,
-4953 ,
-4953 ,
-4563 ,
-4563 ,
-3705 ,
-3705 ,
-2574 ,
-2574 ,
-1092 ,
-1092 ,
351 ,
351 ,
1911 ,
1911 ,
3159 ,
3159 ,
4212 ,
4212 ,
4797 ,
4797 ,
4953 ,
4953 ,
4719 ,
4719 ,
3939 ,
3939 ,
2698 ,
2698 ,
1406 ,
1406 ,
-114 ,
-114 ,
-1520 ,
-1520 ,
-2888 ,
-2888 ,
-3914 ,
-3914 ,
-4636 ,
-4636 ,
-4826 ,
-4826 ,
-4636 ,
-4636 ,
-4028 ,
-4028 ,
-3002 ,
-3002 ,
-1634 ,
-1634 ,
-228 ,
-228 ,
1292 ,
1292 ,
2584 ,
2584 ,
3762 ,
3762 ,
4484 ,
4484 ,
4826 ,
4826 ,
4750 ,
4750 ,
4180 ,
4180 ,
3268 ,
3268 ,
1976 ,
1976 ,
608 ,
608 ,
-950 ,
-950 ,
-2394 ,
-2394 ,
-3534 ,
-3534 ,
-4408 ,
-4408 ,
-4826 ,
-4826 ,
-4788 ,
-4788 ,
-4332 ,
-4332 ,
-3458 ,
-3458 ,
-2280 ,
-2280 ,
-814 ,
-814 ,
592 ,
592 ,
2035 ,
2035 ,
3256 ,
3256 ,
4107 ,
4107 ,
4662 ,
4662 ,
4699 ,
4699 ,
4329 ,
4329 ,
3589 ,
3589 ,
2442 ,
2442 ,
1147 ,
1147 ,
-333 ,
-333 ,
-1702 ,
-1702 ,
-2997 ,
-2997 ,
-3996 ,
-3996 ,
-4551 ,
-4551 ,
-4699 ,
-4699 ,
-4477 ,
-4477 ,
-3737 ,
-3737 ,
-2738 ,
-2738 ,
-1369 ,
-1369 ,
0 ,
0 ,
1480 ,
1480 ,
2738 ,
2738 ,
3811 ,
3811 ,
4477 ,
4477 ,
4699 ,
4699 ,
4514 ,
4514 ,
3922 ,
3922 ,
2923 ,
2923 ,
1702 ,
1702 ,
222 ,
222 ,
-1085 ,
-1085 ,
-2380 ,
-2380 ,
-3395 ,
-3395 ,
-4130 ,
-4130 ,
-4445 ,
-4445 ,
-4375 ,
-4375 ,
-3850 ,
-3850 ,
-3010 ,
-3010 ,
-1820 ,
-1820 ,
-560 ,
-560 ,
875 ,
875 ,
2100 ,
2100 ,
3255 ,
3255 ,
3990 ,
3990 ,
4445 ,
4445 ,
4445 ,
4445 ,
3990 ,
3990 ,
3185 ,
3185 ,
2100 ,
2100 ,
770 ,
770 ,
-560 ,
-560 ,
-1925 ,
-1925 ,
-3010 ,
-3010 ,
-3885 ,
-3885 ,
-4375 ,
-4375 ,
-4445 ,
-4445 ,
-4130 ,
-4130 ,
-3395 ,
-3395 ,
-2380 ,
-2380 ,
-1085 ,
-1085 ,
315 ,
315 ,
1610 ,
1610 ,
2754 ,
2754 ,
3604 ,
3604 ,
4182 ,
4182 ,
4318 ,
4318 ,
4114 ,
4114 ,
3502 ,
3502 ,
2516 ,
2516 ,
1360 ,
1360 ,
0 ,
0 ,
-1360 ,
-1360 ,
-2516 ,
-2516 ,
-3502 ,
-3502 ,
-4114 ,
-4114 ,
-4318 ,
-4318 ,
-4182 ,
-4182 ,
-3604 ,
-3604 ,
-2754 ,
-2754 ,
-1564 ,
-1564 ,
-306 ,
-306 ,
1054 ,
1054 ,
2312 ,
2312 ,
3298 ,
3298 ,
4012 ,
4012 ,
4318 ,
4318 ,
4250 ,
4250 ,
3774 ,
3774 ,
2924 ,
2924 ,
1870 ,
1870 ,
544 ,
544 ,
-748 ,
-748 ,
-2040 ,
-2040 ,
-3162 ,
-3162 ,
-3762 ,
-3762 ,
-4191 ,
-4191 ,
-4191 ,
-4191 ,
-3762 ,
-3762 ,
-3069 ,
-3069 ,
-1980 ,
-1980 ,
-825 ,
-825 ,
528 ,
528 ,
1716 ,
1716 ,
2838 ,
2838 ,
3630 ,
3630 ,
4125 ,
4125 ,
4191 ,
4191 ,
3894 ,
3894 ,
3201 ,
3201 ,
2244 ,
2244 ,
1023 ,
1023 ,
-198 ,
-198 ,
-1518 ,
-1518 ,
-2607 ,
-2607 ,
-3498 ,
-3498 ,
-4026 ,
-4026 ,
-4191 ,
-4191 ,
-3993 ,
-3993 ,
-3399 ,
-3399 ,
-2442 ,
-2442 ,
-1320 ,
-1320 ,
0 ,
0 ,
1221 ,
1221 ,
2442 ,
2442 ,
3333 ,
3333 ,
3993 ,
3993 ,
0 ,
0 ,
0 ,
0 ,
0 ,
0 ,
0 ,
0 ,
0 ,
0 ,
0 ,
0 ,
0 ,
0 ,
0 ,
0 ,
0 ,
0 ,
0 ,
0 ,
0 ,
0 ,
0 ,
0 ,
0 ,
0 ,
0 ,
0 ,
0 ,
0 ,
0 ,
0 ,
0 ,
0 ,
0 ,
0 ,
0 ,
0 ,
0 ,
0 ,
0 ,
0 ,
0 ,
0 ,
0 ,
0 ,
0 ,
0 ,
0 ,
0 ,
0 ,
0 ,
0 ,
0 ,
0 ,
0 ,
0 ,
0 ,
0 ,
0 ,
0 ,
0 ,
0 ,
0 ,
0 ,
0 ,
0 ,
0 ,
0 ,
0 ,
0 ,
0 ,
0 ,
0 ,
0 ,
0 ,
0 ,
0 ,
0 ,
0 ,
0 ,
0 ,
0 ,
0 ,
0 ,
0 ,
0 ,
0 ,
0 ,
0 ,
0 ,
0 ,
0 ,
0 ,
0 ,
0 ,
0 ,
0 ,
0 ,
0 ,
0 ,
0 ,
0 ,
0 ,
0 ,
0 ,
0 ,
0 ,
0 ,
0 ,
0 ,
0 ,
0 ,
0 ,
0 ,
0 ,
0 ,
0 ,
0 ,
0 ,
0 ,
0 ,
0 ,
0 ,
0 ,
0 ,
0 ,
0 ,
0 ,
0 ,
0 ,
0 ,
0 ,
0 ,
0 ,
0 ,
0 ,
0 ,
0 ,
0 ,
0 ,
0 ,
0 ,
0 ,
0 ,
0 ,
0 ,
0 ,
0 ,
0 ,
0 ,
0 ,
0 ,
0 ,
0 ,
0 ,
0 ,
0 ,
0 ,
0 ,
0 ,
0 ,
0 ,
0 ,
0 ,
0 ,
0 ,
0 ,
0 ,
0 ,
0 ,
0 ,
0 ,
0 ,
0 ,
0 ,
0 ,
0 ,
0 ,
0 ,
0 ,
0 ,
0 ,
0 ,
0 ,
0 ,
0 ,
0 ,
0 ,
0 ,
0 ,
0 ,
0 ,
0 ,
0 ,
0 ,
0 ,
0 ,
0 ,
0 ,
0 ,
0 ,
0 ,
0 ,
0 ,
0 ,
0 ,
0 ,
0 ,
0 ,
0 ,
0 ,
0 ,
0 ,
0 ,
0 ,
0 ,
0 ,
0 ,
0 ,
0 ,
0 ,
0 ,
0 ,
0 ,
0 ,
0 ,
0 ,
0 ,
0 ,
0 ,
0 ,
0 ,
0 ,
0 ,
0 ,
0 ,
0 ,
0 ,
0 ,
0 ,
0 ,
0 ,
0 ,
0 ,
0 ,
0 ,
0 ,
0 ,
0 ,
0 ,
0 ,
0 ,
0 ,
0 ,
0 ,
0 ,
0 ,
0 ,
0 ,
0 ,
0 ,
0 ,
0 ,
0 ,
0 ,
0 ,
0 ,
0 ,
0 ,
0 ,
0 ,
0 ,
0 ,
0 ,
0 ,
0 ,
0 ,
0 ,
0 ,
0 ,
0 ,
0 ,
0 ,
0 ,
0 ,
0 ,
0 ,
0 ,
0 ,
0 ,
0 ,
0 ,
0 ,
0 ,
0 ,
0 ,
0 ,
0 ,
0 ,
0 ,
0 ,
0 ,
0 ,
0 ,
0 ,
0 ,
0 ,
0 ,
0 ,
0 ,
0 ,
0 ,
0 ,
0 ,
0 ,
0 ,
0 ,
0 ,
0 ,
0 ,
0 ,
0 ,
0 ,
0 ,
0 ,
0 ,
0 ,
0 ,
0 ,
0 ,
0 ,
0 ,
0 ,
0 ,
0 ,
0 ,
0 ,
0 ,
0 ,
0 ,
0 ,
0 ,
0 ,
0 ,
0 ,
0 ,
0 ,
0 ,
0 ,
0 ,
0 ,
0 ,
0 ,
0 ,
0 ,
0 ,
0 ,
0 ,
0 ,
0 ,
0 ,
0 ,
0 ,
0 ,
0 ,
0 ,
0 ,
0 ,
0 ,
0 ,
0 ,
0 ,
0 ,
0 ,
0 ,
0 ,
0 ,
0 ,
0 ,
0 ,
0 ,
0 ,
0 ,
0 ,
0 ,
0 ,
0 ,
0 ,
0 ,
0 ,
0 ,
0 ,
0 ,
0 ,
0 ,
0 ,
0 ,
0 ,
0 ,
0 ,
0 ,
0 ,
0 ,
0 ,
0 ,
0 ,
0 ,
0 ,
0 ,
0 ,
0 ,
0 ,
0 ,
0 ,
0 ,
0 ,
0 ,
0 ,
0 ,
0 ,
0 ,
0 ,
0 ,
0 ,
0 ,
0 ,
0 ,
0 ,
0 ,
0 ,
0 ,
0 ,
0 ,
0 ,
0 ,
0 ,
0 ,
0 ,
0 ,
0 ,
0 ,
0 ,
0 ,
0 ,
0 ,
0 ,
0 ,
0 ,
0 ,
0 ,
0 ,
0 ,
0 ,
0 ,
0 ,
0 ,
0 ,
0 ,
0 ,
0 ,
0 ,
0 ,
0 ,
0 ,
0 ,
0 ,
0 ,
0 ,
0 ,
0 ,
0 ,
0 ,
0 ,
0 ,
0 ,
0 ,
0 ,
0 ,
0 ,
0 ,
0 ,
0 ,
0 ,
0 ,
0 ,
0 ,
0 ,
0 ,
0 ,
0 ,
0 ,
0 ,
0 ,
0 ,
0 ,
0 ,
0 ,
0 ,
0 ,
0 ,
0 ,
0 ,
0 ,
0 ,
0 ,
0 ,
0 ,
0 ,
0 ,
0 ,
0 ,
0 ,
0 ,
0 ,
0 ,
0 ,
0 ,
0 ,
0 ,
0 ,
0 ,
0 ,
0 ,
0 ,
0 ,
0 ,
0 ,
0 ,
0 ,
0 ,
0 ,
0 ,
0 ,
0 ,
0 ,
0 ,
0 ,
0 ,
0 ,
0 ,
0 ,
0 ,
0 ,
0 ,
0 ,
0 ,
0 ,
0 ,
0 ,
0 ,
0 ,
0 ,
0 ,
0 ,
0 ,
0 ,
0 ,
0 ,
0 ,
0 ,
0 ,
0 ,
0 ,
0 ,
0 ,
0 ,
0 ,
0 ,
0 ,
0 ,
0 ,
0 ,
0 ,
0 ,
0 ,
0 ,
0 ,
0 ,
0 ,
0 ,
0 ,
0 ,
0 ,
0 ,
0 ,
0 ,
0 ,
0 ,
0 ,
0 ,
0 ,
0 ,
0 ,
0 ,
0 ,
0 ,
0 ,
0 ,
0 ,
0 ,
0 ,
0 ,
0 ,
0 ,
0 ,
0 ,
0 ,
0 ,
0 ,
0 ,
0 ,
0 ,
0 ,
0 ,
0 ,
0 ,
0 ,
0 ,
0 ,
0 ,
0 ,
0 ,
0 ,
0 ,
0 ,
0 ,
0 ,
0 ,
0 ,
0 ,
0 ,
0 ,
0 ,
0 ,
0 ,
0 ,
0 ,
0 ,
0 ,
2368 ,
2368 ,
4736 ,
4736 ,
6464 ,
6464 ,
7744 ,
7744 ,
8128 ,
8128 ,
7872 ,
7872 ,
6912 ,
6912 ,
5184 ,
5184 ,
3136 ,
3136 ,
576 ,
576 ,
-1792 ,
-1792 ,
-4224 ,
-4224 ,
-6208 ,
-6208 ,
-7488 ,
-7488 ,
-8128 ,
-8128 ,
-8064 ,
-8064 ,
-7104 ,
-7104 ,
-5632 ,
-5632 ,
-3520 ,
-3520 ,
-1216 ,
-1216 ,
1408 ,
1408 ,
3712 ,
3712 ,
5824 ,
5824 ,
7296 ,
7296 ,
8064 ,
8064 ,
8128 ,
8128 ,
7424 ,
7424 ,
5952 ,
5952 ,
4032 ,
4032 ,
1600 ,
1600 ,
-832 ,
-832 ,
-3328 ,
-3328 ,
-5208 ,
-5208 ,
-6820 ,
-6820 ,
-7750 ,
-7750 ,
-7874 ,
-7874 ,
-7316 ,
-7316 ,
-6138 ,
-6138 ,
-4216 ,
-4216 ,
-2108 ,
-2108 ,
372 ,
372 ,
2666 ,
2666 ,
4898 ,
4898 ,
6510 ,
6510 ,
7564 ,
7564 ,
7874 ,
7874 ,
7564 ,
7564 ,
6386 ,
6386 ,
4712 ,
4712 ,
2480 ,
2480 ,
186 ,
186 ,
-2294 ,
-2294 ,
-4402 ,
-4402 ,
-6262 ,
-6262 ,
-7378 ,
-7378 ,
-7874 ,
-7874 ,
-7688 ,
-7688 ,
-6696 ,
-6696 ,
-5022 ,
-5022 ,
-3038 ,
-3038 ,
-558 ,
-558 ,
1736 ,
1736 ,
4092 ,
4092 ,
5890 ,
5890 ,
7137 ,
7137 ,
7747 ,
7747 ,
7686 ,
7686 ,
6893 ,
6893 ,
5368 ,
5368 ,
3355 ,
3355 ,
1159 ,
1159 ,
-1342 ,
-1342 ,
-3538 ,
-3538 ,
-5551 ,
-5551 ,
-6893 ,
-6893 ,
-7686 ,
-7686 ,
-7747 ,
-7747 ,
-7076 ,
-7076 ,
-5795 ,
-5795 ,
-3843 ,
-3843 ,
-1708 ,
-1708 ,
793 ,
793 ,
3172 ,
3172 ,
5124 ,
5124 ,
6710 ,
6710 ,
7564 ,
7564 ,
7747 ,
7747 ,
7259 ,
7259 ,
6039 ,
6039 ,
4331 ,
4331 ,
2074 ,
2074 ,
-183 ,
-183 ,
-2623 ,
-2623 ,
-4819 ,
-4819 ,
-6405 ,
-6405 ,
-7442 ,
-7442 ,
-7620 ,
-7620 ,
-7320 ,
-7320 ,
-6300 ,
-6300 ,
-4560 ,
-4560 ,
-2580 ,
-2580 ,
-180 ,
-180 ,
2040 ,
2040 ,
4260 ,
4260 ,
6060 ,
6060 ,
7140 ,
7140 ,
7620 ,
7620 ,
7440 ,
7440 ,
6480 ,
6480 ,
5040 ,
5040 ,
2940 ,
2940 ,
780 ,
780 ,
-1680 ,
-1680 ,
-3780 ,
-3780 ,
-5700 ,
-5700 ,
-6960 ,
-6960 ,
-7620 ,
-7620 ,
-7560 ,
-7560 ,
-6780 ,
-6780 ,
-5280 ,
-5280 ,
-3480 ,
-3480 ,
-1140 ,
-1140 ,
1140 ,
1140 ,
3480 ,
3480 ,
5280 ,
5280 ,
6780 ,
6780 ,
7560 ,
7560 ,
7620 ,
7620 ,
6728 ,
6728 ,
5510 ,
5510 ,
3654 ,
3654 ,
1624 ,
1624 ,
-754 ,
-754 ,
-2842 ,
-2842 ,
-4872 ,
-4872 ,
-6264 ,
-6264 ,
-7192 ,
-7192 ,
-7366 ,
-7366 ,
-6902 ,
-6902 ,
-5742 ,
-5742 ,
-4118 ,
-4118 ,
-1972 ,
-1972 ,
174 ,
174 ,
2494 ,
2494 ,
4408 ,
4408 ,
6090 ,
6090 ,
7076 ,
7076 ,
7366 ,
7366 ,
7076 ,
7076 ,
6090 ,
6090 ,
4582 ,
4582 ,
2494 ,
2494 ,
174 ,
174 ,
-1972 ,
-1972 ,
-4118 ,
-4118 ,
-5742 ,
-5742 ,
-6902 ,
-6902 ,
-7366 ,
-7366 ,
-7192 ,
-7192 ,
-6380 ,
-6380 ,
-4788 ,
-4788 ,
-2964 ,
-2964 ,
-741 ,
-741 ,
1596 ,
1596 ,
3591 ,
3591 ,
5415 ,
5415 ,
6612 ,
6612 ,
7239 ,
7239 ,
7182 ,
7182 ,
6441 ,
6441 ,
5187 ,
5187 ,
3306 ,
3306 ,
1254 ,
1254 ,
-1083 ,
-1083 ,
-3306 ,
-3306 ,
-5016 ,
-5016 ,
-6441 ,
-6441 ,
-7182 ,
-7182 ,
-7239 ,
-7239 ,
-6669 ,
-6669 ,
-5415 ,
-5415 ,
-3762 ,
-3762 ,
-1596 ,
-1596 ,
513 ,
513 ,
2793 ,
2793 ,
4617 ,
4617 ,
6156 ,
6156 ,
7068 ,
7068 ,
7239 ,
7239 ,
6783 ,
6783 ,
5757 ,
5757 ,
4047 ,
4047 ,
2072 ,
2072 ,
-168 ,
-168 ,
-2240 ,
-2240 ,
-4256 ,
-4256 ,
-5768 ,
-5768 ,
-6832 ,
-6832 ,
-7112 ,
-7112 ,
-6832 ,
-6832 ,
-5880 ,
-5880 ,
-4424 ,
-4424 ,
-2408 ,
-2408 ,
-336 ,
-336 ,
1904 ,
1904 ,
3808 ,
3808 ,
5544 ,
5544 ,
6608 ,
6608 ,
7112 ,
7112 ,
6944 ,
6944 ,
6160 ,
6160 ,
4704 ,
4704 ,
2912 ,
2912 ,
728 ,
728 ,
-1400 ,
-1400 ,
-3528 ,
-3528 ,
-5208 ,
-5208 ,
-6496 ,
-6496 ,
-7112 ,
-7112 ,
-7056 ,
-7056 ,
-6384 ,
-6384 ,
-5096 ,
-5096 ,
-3248 ,
-3248 ,
-1232 ,
-1232 ,
1045 ,
1045 ,
3025 ,
3025 ,
4840 ,
4840 ,
6105 ,
6105 ,
6930 ,
6930 ,
6985 ,
6985 ,
6435 ,
6435 ,
5335 ,
5335 ,
3630 ,
3630 ,
1540 ,
1540 ,
-495 ,
-495 ,
-2695 ,
-2695 ,
-4455 ,
-4455 ,
-5940 ,
-5940 ,
-6765 ,
-6765 ,
-6985 ,
-6985 ,
-6655 ,
-6655 ,
-5555 ,
-5555 ,
-4070 ,
-4070 ,
-2035 ,
-2035 ,
165 ,
165 ,
2200 ,
2200 ,
4180 ,
4180 ,
5665 ,
5665 ,
6710 ,
6710 ,
6985 ,
6985 ,
6710 ,
6710 ,
5830 ,
5830 ,
4345 ,
4345 ,
2530 ,
2530 ,
330 ,
330 ,
-1870 ,
-1870 ,
-3604 ,
-3604 ,
-5247 ,
-5247 ,
-6254 ,
-6254 ,
-6731 ,
-6731 ,
-6625 ,
-6625 ,
-5830 ,
-5830 ,
-4558 ,
-4558 ,
-2756 ,
-2756 ,
-848 ,
-848 ,
1325 ,
1325 ,
3180 ,
3180 ,
4929 ,
4929 ,
6148 ,
6148 ,
6731 ,
6731 ,
6678 ,
6678 ,
6042 ,
6042 ,
4823 ,
4823 ,
3180 ,
3180 ,
1166 ,
1166 ,
-848 ,
-848 ,
-2915 ,
-2915 ,
-4558 ,
-4558 ,
-5883 ,
-5883 ,
-6678 ,
-6678 ,
-6731 ,
-6731 ,
-6201 ,
-6201 ,
-5141 ,
-5141 ,
-3498 ,
-3498 ,
-1643 ,
-1643 ,
477 ,
477 ,
2438 ,
2438 ,
4293 ,
4293 ,
5512 ,
5512 ,
6396 ,
6396 ,
6604 ,
6604 ,
6292 ,
6292 ,
5252 ,
5252 ,
3848 ,
3848 ,
1924 ,
1924 ,
0 ,
0 ,
-2080 ,
-2080 ,
-3848 ,
-3848 ,
-5356 ,
-5356 ,
-6292 ,
-6292 ,
-6604 ,
-6604 ,
-6396 ,
-6396 ,
-5512 ,
-5512 ,
-4108 ,
-4108 ,
-2392 ,
-2392 ,
-312 ,
-312 ,
1612 ,
1612 ,
3536 ,
3536 ,
5044 ,
5044 ,
6136 ,
6136 ,
6604 ,
6604 ,
6500 ,
6500 ,
5772 ,
5772 ,
4472 ,
4472 ,
2704 ,
2704 ,
832 ,
832 ,
-1300 ,
-1300 ,
-3120 ,
-3120 ,
-4836 ,
-4836 ,
-5928 ,
-5928 ,
-6477 ,
-6477 ,
-6477 ,
-6477 ,
-5814 ,
-5814 ,
-4743 ,
-4743 ,
-3060 ,
-3060 ,
-1122 ,
-1122 ,
816 ,
816 ,
2805 ,
2805 ,
4386 ,
4386 ,
5661 ,
5661 ,
6375 ,
6375 ,
6477 ,
6477 ,
6018 ,
6018 ,
4947 ,
4947 ,
3468 ,
3468 ,
1581 ,
1581 ,
-306 ,
-306 ,
-2346 ,
-2346 ,
-4131 ,
-4131 ,
-5406 ,
-5406 ,
-6273 ,
-6273 ,
-6477 ,
-6477 ,
-6171 ,
-6171 ,
-5253 ,
-5253 ,
-3774 ,
-3774 ,
-2040 ,
-2040 ,
0 ,
0 ,
1887 ,
1887 ,
3774 ,
3774 ,
5253 ,
5253 ,
6171 ,
6171 ,
6477 ,
6477 ,
6027 ,
6027 ,
5194 ,
5194 ,
3969 ,
3969 ,
2254 ,
2254 ,
441 ,
441 ,
-1519 ,
-1519 ,
-3234 ,
-3234 ,
-4753 ,
-4753 ,
-5782 ,
-5782 ,
-6223 ,
-6223 ,
-6125 ,
-6125 ,
-5439 ,
-5439 ,
-4214 ,
-4214 ,
-2695 ,
-2695 ,
-784 ,
-784 ,
1078 ,
1078 ,
2940 ,
2940 ,
4459 ,
4459 ,
5586 ,
5586 ,
6174 ,
6174 ,
6223 ,
6223 ,
5586 ,
5586 ,
4557 ,
4557 ,
2940 ,
2940 ,
1225 ,
1225 ,
-784 ,
-784 ,
-2548 ,
-2548 ,
-4214 ,
-4214 ,
-5390 ,
-5390 ,
-6125 ,
-6125 ,
-6223 ,
-6223 ,
-5782 ,
-5782 ,
-4656 ,
-4656 ,
-3264 ,
-3264 ,
-1488 ,
-1488 ,
288 ,
288 ,
2208 ,
2208 ,
3792 ,
3792 ,
5088 ,
5088 ,
5856 ,
5856 ,
6096 ,
6096 ,
5856 ,
5856 ,
4944 ,
4944 ,
3552 ,
3552 ,
1920 ,
1920 ,
0 ,
0 ,
-1776 ,
-1776 ,
-3552 ,
-3552 ,
-4848 ,
-4848 ,
-5808 ,
-5808 ,
-6096 ,
-6096 ,
-5904 ,
-5904 ,
-5184 ,
-5184 ,
-3888 ,
-3888 ,
-2352 ,
-2352 ,
-432 ,
-432 ,
1488 ,
1488 ,
3168 ,
3168 ,
4656 ,
4656 ,
5616 ,
5616 ,
6096 ,
6096 ,
6048 ,
6048 ,
5328 ,
5328 ,
4224 ,
4224 ,
2585 ,
2585 ,
893 ,
893 ,
-1034 ,
-1034 ,
-2820 ,
-2820 ,
-4277 ,
-4277 ,
-5358 ,
-5358 ,
-5922 ,
-5922 ,
-5969 ,
-5969 ,
-5452 ,
-5452 ,
-4371 ,
-4371 ,
-2961 ,
-2961 ,
-1175 ,
-1175 ,
611 ,
611 ,
2444 ,
2444 ,
4042 ,
4042 ,
5170 ,
5170 ,
5875 ,
5875 ,
5969 ,
5969 ,
5546 ,
5546 ,
4653 ,
4653 ,
3196 ,
3196 ,
1598 ,
1598 ,
-282 ,
-282 ,
-2021 ,
-2021 ,
-3713 ,
-3713 ,
-4935 ,
-4935 ,
-5734 ,
-5734 ,
-5969 ,
-5969 ,
-5734 ,
-5734 ,
-4841 ,
-4841 ,
-3572 ,
-3572 ,
-1880 ,
-1880 ,
-138 ,
-138 ,
1702 ,
1702 ,
3266 ,
3266 ,
4646 ,
4646 ,
5474 ,
5474 ,
5842 ,
5842 ,
5658 ,
5658 ,
4968 ,
4968 ,
3726 ,
3726 ,
2254 ,
2254 ,
414 ,
414 ,
-1288 ,
-1288 ,
-3036 ,
-3036 ,
-4370 ,
-4370 ,
-5382 ,
-5382 ,
-5842 ,
-5842 ,
-5796 ,
-5796 ,
-5106 ,
-5106 ,
-4048 ,
-4048 ,
-2530 ,
-2530 ,
-874 ,
-874 ,
1012 ,
1012 ,
2668 ,
2668 ,
4186 ,
4186 ,
5198 ,
5198 ,
5796 ,
5796 ,
5842 ,
5842 ,
5336 ,
5336 ,
4370 ,
4370 ,
2898 ,
2898 ,
1150 ,
1150 ,
-598 ,
-598 ,
-2288 ,
-2288 ,
-3696 ,
-3696 ,
-4840 ,
-4840 ,
-5456 ,
-5456 ,
-5588 ,
-5588 ,
-5236 ,
-5236 ,
-4356 ,
-4356 ,
-3124 ,
-3124 ,
-1496 ,
-1496 ,
264 ,
264 ,
1892 ,
1892 ,
3476 ,
3476 ,
4620 ,
4620 ,
5368 ,
5368 ,
5588 ,
5588 ,
5368 ,
5368 ,
4620 ,
4620 ,
3344 ,
3344 ,
1892 ,
1892 ,
132 ,
132 ,
-1628 ,
-1628 ,
-3124 ,
-3124 ,
-4444 ,
-4444 ,
-5236 ,
-5236 ,
-5588 ,
-5588 ,
-5456 ,
-5456 ,
-4752 ,
-4752 ,
-3696 ,
-3696 ,
-2156 ,
-2156 ,
-572 ,
-572 ,
1232 ,
1232 ,
2904 ,
2904 ,
4085 ,
4085 ,
5031 ,
5031 ,
5461 ,
5461 ,
5418 ,
5418 ,
4859 ,
4859 ,
3784 ,
3784 ,
2494 ,
2494 ,
817 ,
817 ,
-817 ,
-817 ,
-2494 ,
-2494 ,
-3784 ,
-3784 ,
-4859 ,
-4859 ,
-5418 ,
-5418 ,
-5461 ,
-5461 ,
-4988 ,
-4988 ,
-4085 ,
-4085 ,
-2709 ,
-2709 ,
-1204 ,
-1204 ,
559 ,
559 ,
2107 ,
2107 ,
3612 ,
3612 ,
4644 ,
4644 ,
5332 ,
5332 ,
5461 ,
5461 ,
5117 ,
5117 ,
4257 ,
4257 ,
3053 ,
3053 ,
1462 ,
1462 ,
-129 ,
-129 ,
-1849 ,
-1849 ,
-3268 ,
-3268 ,
-4515 ,
-4515 ,
-5124 ,
-5124 ,
-5334 ,
-5334 ,
-5124 ,
-5124 ,
-4410 ,
-4410 ,
-3192 ,
-3192 ,
-1806 ,
-1806 ,
-126 ,
-126 ,
1428 ,
1428 ,
2982 ,
2982 ,
4158 ,
4158 ,
4998 ,
4998 ,
5334 ,
5334 ,
5208 ,
5208 ,
4620 ,
4620 ,
3528 ,
3528 ,
2058 ,
2058 ,
546 ,
546 ,
-1176 ,
-1176 ,
-2646 ,
-2646 ,
-3990 ,
-3990 ,
-4872 ,
-4872 ,
-5334 ,
-5334 ,
-5292 ,
-5292 ,
-4746 ,
-4746 ,
-3822 ,
-3822 ,
-2436 ,
-2436 ,
-798 ,
-798 ,
798 ,
798 ,
2436 ,
2436 ,
3696 ,
3696 ,
4746 ,
4746 ,
5292 ,
5292 ,
5080 ,
5080 ,
4680 ,
4680 ,
3800 ,
3800 ,
2640 ,
2640 ,
1120 ,
1120 ,
-520 ,
-520 ,
-1960 ,
-1960 ,
-3360 ,
-3360 ,
-4320 ,
-4320 ,
-4960 ,
-4960 ,
-5080 ,
-5080 ,
-4760 ,
-4760 ,
-4040 ,
-4040 ,
-2840 ,
-2840 ,
-1480 ,
-1480 ,
120 ,
120 ,
1600 ,
1600 ,
3040 ,
3040 ,
4200 ,
4200 ,
4880 ,
4880 ,
5080 ,
5080 ,
4880 ,
4880 ,
4200 ,
4200 ,
3160 ,
3160 ,
1720 ,
1720 ,
240 ,
240 ,
-1360 ,
-1360 ,
-2720 ,
-2720 ,
-3960 ,
-3960 ,
-4760 ,
-4760 ,
-5080 ,
-5080 ,
-4960 ,
-4960 ,
-4290 ,
-4290 ,
-3276 ,
-3276 ,
-2028 ,
-2028 ,
-507 ,
-507 ,
975 ,
975 ,
2457 ,
2457 ,
3627 ,
3627 ,
4524 ,
4524 ,
4953 ,
4953 ,
4914 ,
4914 ,
4407 ,
4407 ,
3549 ,
3549 ,
2262 ,
2262 ,
858 ,
858 ,
-741 ,
-741 ,
-2145 ,
-2145 ,
-3432 ,
-3432 ,
-4329 ,
-4329 ,
-4914 ,
-4914 ,
-4953 ,
-4953 ,
-4563 ,
-4563 ,
-3705 ,
-3705 ,
-2574 ,
-2574 ,
-1092 ,
-1092 ,
351 ,
351 ,
1911 ,
1911 ,
3159 ,
3159 ,
4212 ,
4212 ,
4797 ,
4797 ,
4953 ,
4953 ,
4719 ,
4719 ,
3939 ,
3939 ,
2698 ,
2698 ,
1406 ,
1406 ,
-114 ,
-114 ,
-1520 ,
-1520 ,
-2888 ,
-2888 ,
-3914 ,
-3914 ,
-4636 ,
-4636 ,
-4826 ,
-4826 ,
-4636 ,
-4636 ,
-4028 ,
-4028 ,
-3002 ,
-3002 ,
-1634 ,
-1634 ,
-228 ,
-228 ,
1292 ,
1292 ,
2584 ,
2584 ,
3762 ,
3762 ,
4484 ,
4484 ,
4826 ,
4826 ,
4750 ,
4750 ,
4180 ,
4180 ,
3268 ,
3268 ,
1976 ,
1976 ,
608 ,
608 ,
-950 ,
-950 ,
-2394 ,
-2394 ,
-3534 ,
-3534 ,
-4408 ,
-4408 ,
-4826 ,
-4826 ,
-4788 ,
-4788 ,
-4332 ,
-4332 ,
-3458 ,
-3458 ,
-2280 ,
-2280 ,
-814 ,
-814 ,
592 ,
592 ,
2035 ,
2035 ,
3256 ,
3256 ,
4107 ,
4107 ,
4662 ,
4662 ,
4699 ,
4699 ,
4329 ,
4329 ,
3589 ,
3589 ,
2442 ,
2442 ,
1147 ,
1147 ,
-333 ,
-333 ,
-1702 ,
-1702 ,
-2997 ,
-2997 ,
-3996 ,
-3996 ,
-4551 ,
-4551 ,
-4699 ,
-4699 ,
-4477 ,
-4477 ,
-3737 ,
-3737 ,
-2738 ,
-2738 ,
-1369 ,
-1369 ,
0 ,
0 ,
1480 ,
1480 ,
2738 ,
2738 ,
3811 ,
3811 ,
4477 ,
4477 ,
4699 ,
4699 ,
4514 ,
4514 ,
3922 ,
3922 ,
2923 ,
2923 ,
1702 ,
1702 ,
222 ,
222 ,
-1085 ,
-1085 ,
-2380 ,
-2380 ,
-3395 ,
-3395 ,
-4130 ,
-4130 ,
-4445 ,
-4445 ,
-4375 ,
-4375 ,
-3850 ,
-3850 ,
-3010 ,
-3010 ,
-1820 ,
-1820 ,
-560 ,
-560 ,
875 ,
875 ,
2100 ,
2100 ,
3255 ,
3255 ,
3990 ,
3990 ,
4445 ,
4445 ,
4445 ,
4445 ,
3990 ,
3990 ,
3185 ,
3185 ,
2100 ,
2100 ,
770 ,
770 ,
-560 ,
-560 ,
-1925 ,
-1925 ,
-3010 ,
-3010 ,
-3885 ,
-3885 ,
-4375 ,
-4375 ,
-4445 ,
-4445 ,
-4130 ,
-4130 ,
-3395 ,
-3395 ,
-2380 ,
-2380 ,
-1085 ,
-1085 ,
315 ,
315 ,
1610 ,
1610 ,
2754 ,
2754 ,
3604 ,
3604 ,
4182 ,
4182 ,
4318 ,
4318 ,
4114 ,
4114 ,
3502 ,
3502 ,
2516 ,
2516 ,
1360 ,
1360 ,
0 ,
0 ,
-1360 ,
-1360 ,
-2516 ,
-2516 ,
-3502 ,
-3502 ,
-4114 ,
-4114 ,
-4318 ,
-4318 ,
-4182 ,
-4182 ,
-3604 ,
-3604 ,
-2754 ,
-2754 ,
-1564 ,
-1564 ,
-306 ,
-306 ,
1054 ,
1054 ,
2312 ,
2312 ,
3298 ,
3298 ,
4012 ,
4012 ,
4318 ,
4318 ,
4250 ,
4250 ,
3774 ,
3774 ,
2924 ,
2924 ,
1870 ,
1870 ,
544 ,
544 ,
-748 ,
-748 ,
-2040 ,
-2040 ,
-3162 ,
-3162 ,