0,
0,
4234,
4234,
8396,
8396,
12414,
12414,
16220,
16220,
19748,
19748,
22938,
22938,
25736,
25736,
28094,
28094,
29970,
29970,
31334,
31334,
32162,
32162,
32440,
32440,
32162,
32162,
31334,
31334,
29970,
29970,
28094,
28094,
25736,
25736,
22938,
22938,
19748,
19748,
16220,
16220,
12414,
12414,
8396,
8396,
4234,
4234,
0,
0,
-4234,
-4234,
-8396,
-8396,
-12414,
-12414,
-16220,
-16220,
-19748,
-19748,
-22938,
-22938,
-25736,
-25736,
-28094,
-28094,
-29970,
-29970,
-31334,
-31334,
-32162,
-32162,
-32440,
-32440,
-32162,
-32162,
-31334,
-31334,
-29970,
-29970,
-28094,
-28094,
-25736,
-25736,
-22938,
-22938,
-19748,
-19748,
-16220,
-16220,
-12414,
-12414,
-8396,
-8396,
-4234,
-4234